25000,Bangunan LKNP,Kuantan,Pahang
25000,Biro Tata Negara Pahang,Kuantan,Pahang
25000,Jabatan Bekalan Elektrik,Kuantan,Pahang
25000,Jalan Bank,Kuantan,Pahang
25000,Jalan Besar,Kuantan,Pahang
25000,Jalan Bukit Sekiau,Kuantan,Pahang
25000,Jalan Gambut 3,Kuantan,Pahang
25000,Jalan Gambut,Kuantan,Pahang
25000,Jalan Haji Abd Aziz,Kuantan,Pahang
25000,Jalan Haji Abd Rahman,Kuantan,Pahang
25000,Jalan Lebai Ali,Kuantan,Pahang
25000,Jalan Mahkota,Kuantan,Pahang
25000,Jalan Masjid,Kuantan,Pahang
25000,Jalan Pasar Baru,Kuantan,Pahang
25000,Jalan Pasar Besar,Kuantan,Pahang
25000,Jalan Pasar,Kuantan,Pahang
25000,Jalan Stadium Darul Makmur,Kuantan,Pahang
25000,Jalan Teluk Sisek,Kuantan,Pahang
25000,Jalan Teruntum,Kuantan,Pahang
25000,Jalan Tun Ismail 1,Kuantan,Pahang
25000,Jalan Tun Ismail,Kuantan,Pahang
25000,Kompleks Teruntum,Kuantan,Pahang
25000,Lembaga Kemajuan Perusahaan Pertanian,Kuantan,Pahang
25000,Lembaga Pelesenan Kelapa Sawit,Kuantan,Pahang
25000,Lembaga Pertubuhan Peladang,Kuantan,Pahang
25000,Lembaga Tabung Haji,Kuantan,Pahang
25000,Lorong Haji Abdul Rahman 1,Kuantan,Pahang
25000,Lorong Pasar Baru,Kuantan,Pahang
25000,Lorong Tun Ismail (1 - 5),Kuantan,Pahang
25000,Lorong Tun Ismail 2,Kuantan,Pahang
25000,Mahkota Parade,Kuantan,Pahang
25000,Medan Pelancongan,Kuantan,Pahang
25000,Pejabat Daerah Kuantan,Kuantan,Pahang
25000,Pejabat MIDA Negeri,Kuantan,Pahang
25000,Pusat Khidmat Kontraktor,Kuantan,Pahang
25000,Telok Sisek,Kuantan,Pahang
25000,Teluk Sisek Pendek,Kuantan,Pahang
25000,Wisma Persekutuan,Kuantan,Pahang
25050,Istana Hinggap,Kuantan,Pahang
25050,Jalan Abu Samah,Kuantan,Pahang
25050,Jalan Che Timah,Kuantan,Pahang
25050,Jalan Club Golf Teruntum,Kuantan,Pahang
25050,Jalan Dato Abdullah,Kuantan,Pahang
25050,Jalan Dato Bahaman,Kuantan,Pahang
25050,Jalan Dato Haji Abu Bakar,Kuantan,Pahang
25050,Jalan Haji Abu Bakar,Kuantan,Pahang
25050,Jalan Kampung Tanjung Api,Kuantan,Pahang
25050,Jalan Merbok,Kuantan,Pahang
25050,Jalan Padang Golf,Kuantan,Pahang
25050,Jalan Padang Lalang,Kuantan,Pahang
25050,Jalan Taman Tok Sira,Kuantan,Pahang
25050,Jalan Tanjong Api,Kuantan,Pahang
25050,Jalan Teluk Chempedak,Kuantan,Pahang
25050,Jalan Teluk Sisek 1,Kuantan,Pahang
25050,Jalan Teluk Sisek,Kuantan,Pahang
25050,Jalan Tengku Muhamad,Kuantan,Pahang
25050,Jalan Tok Sira,Kuantan,Pahang
25050,Kampung Galing Kechil,Kuantan,Pahang
25050,Kampung Jalan Telok Sisek,Kuantan,Pahang
25050,Kampung Jalan Teluk Sisek,Kuantan,Pahang
25050,Kampung Kubang Buaya,Kuantan,Pahang
25050,Kampung Kubor Tok Keramat,Kuantan,Pahang
25050,Kampung Selamat,Kuantan,Pahang
25050,Kampung Tanjong Api,Kuantan,Pahang
25050,Kingdom Park,Kuantan,Pahang
25050,Lorong Alor Akar,Kuantan,Pahang
25050,Lorong Alur Akar 6,Kuantan,Pahang
25050,Lorong Kubang Buaya 61,Kuantan,Pahang
25050,Lorong Kubang Buaya,Kuantan,Pahang
25050,Lorong Padang Lalang,Kuantan,Pahang
25050,Lorong Pelindung 101,Kuantan,Pahang
25050,Lorong Pelindung 50,Kuantan,Pahang
25050,Lorong Pelindung 54,Kuantan,Pahang
25050,Lorong Pelindung 76,Kuantan,Pahang
25050,Lorong Selamat 40,Kuantan,Pahang
25050,Lorong Tanjong Api,Kuantan,Pahang
25050,Lorong Tok Sira 10,Kuantan,Pahang
25050,Lorong Tok Sira 6,Kuantan,Pahang
25050,Lorong Tok Sira 70,Kuantan,Pahang
25050,Medan Tok Sera,Kuantan,Pahang
25050,Padang Lalang,Kuantan,Pahang
25050,Perkampungan Pelindung,Kuantan,Pahang
25050,Perkampungan Selamat,Kuantan,Pahang
25050,Perkampungan Tok Sira,Kuantan,Pahang
25050,Perumahan Alur Akar,Kuantan,Pahang
25050,Perumahan Bukit Pelindung,Kuantan,Pahang
25050,Perumahan Kubang Buaya,Kuantan,Pahang
25050,Perumahan Pelindung,Kuantan,Pahang
25050,Perumahan Tok Sira,Kuantan,Pahang
25050,Taman Bakti,Kuantan,Pahang
25050,Taman Bukit Perlindung (1 & 2),Kuantan,Pahang
25050,Taman Cempedak,Kuantan,Pahang
25050,Taman Coorperative,Kuantan,Pahang
25050,Taman Datin Maharum,Kuantan,Pahang
25050,Taman Galing Kecil,Kuantan,Pahang
25050,Taman Gelora,Kuantan,Pahang
25050,Taman Jaya,Kuantan,Pahang
25050,Taman Kasturi,Kuantan,Pahang
25050,Taman Kerjasama,Kuantan,Pahang
25050,Taman Kingdom,Kuantan,Pahang
25050,Taman Koperatif,Kuantan,Pahang
25050,Taman LKNP Baru,Kuantan,Pahang
25050,Taman LKNP Medan Tok Sera,Kuantan,Pahang
25050,Taman LKNP Peringkat 1,Kuantan,Pahang
25050,Taman LKNP Peringkat 2,Kuantan,Pahang
25050,Taman Lorong Kijang,Kuantan,Pahang
25050,Taman Makmor,Kuantan,Pahang
25050,Taman Medan Tok Sira,Kuantan,Pahang
25050,Taman Melodies,Kuantan,Pahang
25050,Taman Melody,Kuantan,Pahang
25050,Taman Melor,Kuantan,Pahang
25050,Taman Merbok,Kuantan,Pahang
25050,Taman Merdeka,Kuantan,Pahang
25050,Taman Pantai Cempedak,Kuantan,Pahang
25050,Taman Pelindong,Kuantan,Pahang
25050,Taman Selamat Baru,Kuantan,Pahang
25050,Taman Selamat,Kuantan,Pahang
25050,Taman Seroja,Kuantan,Pahang
25050,Taman Tanjong Api,Kuantan,Pahang
25050,Taman Taz,Kuantan,Pahang
25050,Taman Teberau,Kuantan,Pahang
25050,Taman Teluk Cempedak,Kuantan,Pahang
25050,Taman Teluk Sisek,Kuantan,Pahang
25050,Taman Tengku Mahmud,Kuantan,Pahang
25050,Taman Tengku Mohamad,Kuantan,Pahang
25050,Taman Teratai,Kuantan,Pahang
25050,Taman Timur Jaya,Kuantan,Pahang
25050,Taman Tok Sira,Kuantan,Pahang
25050,Tanjung Api,Kuantan,Pahang
25050,Teluk Cempedak,Kuantan,Pahang
25100,Fountain Park,Kuantan,Pahang
25100,Jalan Bayam,Kuantan,Pahang
25100,Jalan Bintang,Kuantan,Pahang
25100,Jalan Cempaka,Kuantan,Pahang
25100,Jalan Cemperai,Kuantan,Pahang
25100,Jalan Darat Makbar,Kuantan,Pahang
25100,Jalan Dato Wong Ah Jang,Kuantan,Pahang
25100,Jalan Hospital,Kuantan,Pahang
25100,Jalan Kampung Tengah,Kuantan,Pahang
25100,Jalan Kemunting,Kuantan,Pahang
25100,Jalan Mat Kilau,Kuantan,Pahang
25100,Jalan Penjara,Kuantan,Pahang
25100,Jalan Perisai,Kuantan,Pahang
25100,Jalan Sentol (Tanah Puteh),Kuantan,Pahang
25100,Jalan Seri Teruntum 3,Kuantan,Pahang
25100,Jalan Sri Teruntum,Kuantan,Pahang
25100,Jalan Taman Tengah,Kuantan,Pahang
25100,Jalan Tanah Puteh,Kuantan,Pahang
25100,Jalan Tanah Putih Lama,Kuantan,Pahang
25100,Jalan Terkukur,Kuantan,Pahang
25100,Jalan Wong Ah Jang,Kuantan,Pahang
25100,"Kampung Baru, Kuantan",Kuantan,Pahang
25100,Kampung Darat Makbar,Kuantan,Pahang
25100,Kampung Darat Tanah Puteh,Kuantan,Pahang
25100,Kampung Melayu,Kuantan,Pahang
25100,Kampung Setinggan Tanah Putih,Kuantan,Pahang
25100,Kampung Tanah Puteh Lama,Kuantan,Pahang
25100,Kampung Tanah Puteh,Kuantan,Pahang
25100,Kampung Tengah,Kuantan,Pahang
25100,Kompleks Medan Warisan,Kuantan,Pahang
25100,Kompleks Perikanan,Kuantan,Pahang
25100,Kuantan Bizpark,Kuantan,Pahang
25100,Lembaga Penduduk Negara (LPPKN),Kuantan,Pahang
25100,Lorong Cemperai,Kuantan,Pahang
25100,Lorong Kemunting,Kuantan,Pahang
25100,Lorong Mat Kilau 21,Kuantan,Pahang
25100,Lorong Mat Kilau,Kuantan,Pahang
25100,Lorong Rusa,Kuantan,Pahang
25100,Lorong Seri Teruntum 125,Kuantan,Pahang
25100,Lorong Seri Teruntum 18,Kuantan,Pahang
25100,Lorong Seri Teruntum 32,Kuantan,Pahang
25100,Lorong Seri Teruntum,Kuantan,Pahang
25100,Lorong Sri Teruntum 37,Kuantan,Pahang
25100,Medan Warisan,Kuantan,Pahang
25100,Perkampungan Seri Teruntum,Kuantan,Pahang
25100,Perumahan Mat Kilau,Kuantan,Pahang
25100,Perumahan Seri Kemunting,Kuantan,Pahang
25100,Perumahan Seri Teruntum,Kuantan,Pahang
25100,Rumah Pangsa Permai,Kuantan,Pahang
25100,Taman Bintang,Kuantan,Pahang
25100,Taman Golden City,Kuantan,Pahang
25100,Taman Jade,Kuantan,Pahang
25100,Taman Jasmin,Kuantan,Pahang
25100,Taman Lee Town Apartment,Kuantan,Pahang
25100,Taman Lion,Kuantan,Pahang
25100,Taman Mahsuri,Kuantan,Pahang
25100,Taman Mat Kilau,Kuantan,Pahang
25100,Taman Mega View,Kuantan,Pahang
25100,Taman Melor Desa,Kuantan,Pahang
25100,Taman Muhibah,Kuantan,Pahang
25100,Taman Murni,Kuantan,Pahang
25100,Taman Pangsa Puri Permai,Kuantan,Pahang
25100,Taman Pelangi,Kuantan,Pahang
25100,Taman Raya,Kuantan,Pahang
25100,Taman Seri Teruntum,Kuantan,Pahang
25100,Taman Tanah Puteh,Kuantan,Pahang
25100,Taman Tas Putera,Kuantan,Pahang
25100,Taman Tengah,Kuantan,Pahang
25100,Taman Yau,Kuantan,Pahang
25100,Taman Zurina,Kuantan,Pahang
25150,"Batu 8, Jalan Pekan",Kuantan,Pahang
25150,Batu 9 Jalan Gambang,Kuantan,Pahang
25150,Jalan Damai,Kuantan,Pahang
25150,Jalan Gambang,Kuantan,Pahang
25150,Jalan Industri Tanah Putih Baru,Kuantan,Pahang
25150,Jalan Isap Perdana,Kuantan,Pahang
25150,Jalan Kampung Kurnia,Kuantan,Pahang
25150,Jalan Karyawan,Kuantan,Pahang
25150,Jalan Kuantan - Gambang,Kuantan,Pahang
25150,Jalan Kuantan - Pekan (9 - 16 KM),Kuantan,Pahang
25150,Jalan Lebuhraya,Kuantan,Pahang
25150,Jalan Permatang Badak Aman 1,Kuantan,Pahang
25150,Jalan Permatang Badak Perdana 4,Kuantan,Pahang
25150,Jalan Permatang Badak,Kuantan,Pahang
25150,Jalan Rasau Aman 1,Kuantan,Pahang
25150,Jalan Seri Damai Perdana 1,Kuantan,Pahang
25150,Jalan Seri Damai Perdana 2,Kuantan,Pahang
25150,Jalan Sri Inderapura,Kuantan,Pahang
25150,Jalan Sungai Isap Jaya,Kuantan,Pahang
25150,Jalan Tas,Kuantan,Pahang
25150,Jalan Tok Mat,Kuantan,Pahang
25150,Kampung Air Itam,Kuantan,Pahang
25150,Kampung Baru Chendering,Kuantan,Pahang
25150,Kampung Baru Dalam,Kuantan,Pahang
25150,Kampung Baru MPK,Kuantan,Pahang
25150,Kampung Baru Permatang Badak,Kuantan,Pahang
25150,Kampung Baru Seri Melati,Kuantan,Pahang
25150,Kampung Baru Yahya Seh (Batu 6),Kuantan,Pahang
25150,Kampung Batu 3 - 7 (Jalan Gambang),Kuantan,Pahang
25150,Kampung Belukar,Kuantan,Pahang
25150,Kampung Bukit Rangin,Kuantan,Pahang
25150,Kampung Cendering,Kuantan,Pahang
25150,Kampung Desa Mesra (Jalan Gambang),Kuantan,Pahang
25150,Kampung Gudang Rasau,Kuantan,Pahang
25150,Kampung Haji Ali,Kuantan,Pahang
25150,Kampung Kurnia,Kuantan,Pahang
25150,Kampung Lubok Puyu,Kuantan,Pahang
25150,Kampung Melati (Jalan Gambang),Kuantan,Pahang
25150,Kampung Permatang Badak,Kuantan,Pahang
25150,Kampung Razali,Kuantan,Pahang
25150,Kampung SC,Kuantan,Pahang
25150,Kampung Sungai Belat,Kuantan,Pahang
25150,Kampung Sungai Isap,Kuantan,Pahang
25150,Kampung Telaga Pasu,Kuantan,Pahang
25150,Kampung Telok Mahang,Kuantan,Pahang
25150,Lorong Bakti Batu 5,Kuantan,Pahang
25150,Lorong Belukar Maju,Kuantan,Pahang
25150,Lorong BKP 3,Kuantan,Pahang
25150,Lorong Budiman,Kuantan,Pahang
25150,Lorong Bukit Rangin,Kuantan,Pahang
25150,Lorong Bunut Rendang Jaya 1,Kuantan,Pahang
25150,Lorong Guang Rasau 57,Kuantan,Pahang
25150,Lorong Indera Sempurna 89,Kuantan,Pahang
25150,Lorong Industri Tanah Puteh Baru 5,Kuantan,Pahang
25150,Lorong Industri Tanah Putih Baru 15,Kuantan,Pahang
25150,Lorong Isap Murni,Kuantan,Pahang
25150,Lorong Karyawan 34,Kuantan,Pahang
25150,Lorong Kenanga,Kuantan,Pahang
25150,Lorong KM,Kuantan,Pahang
25150,Lorong Kurnia Jaya 4,Kuantan,Pahang
25150,Lorong Lengkok Kanan,Kuantan,Pahang
25150,Lorong Lengkok Kiri,Kuantan,Pahang
25150,Lorong Pandan Damai 1/18,Kuantan,Pahang
25150,Lorong Pandan Damai 2/201,Kuantan,Pahang
25150,Lorong Pandan Damai 2/211,Kuantan,Pahang
25150,Lorong Pandan Damai 2/212,Kuantan,Pahang
25150,Lorong Pandan Perdana,Kuantan,Pahang
25150,Lorong Permatang Badak Aman 26,Kuantan,Pahang
25150,Lorong Permatang Badak Aman 28,Kuantan,Pahang
25150,Lorong Permatang Badak Damai 5,Kuantan,Pahang
25150,Lorong Permatang Badak Damai,Kuantan,Pahang
25150,Lorong Permatang Badak Jaya,Kuantan,Pahang
25150,Lorong Permatang Badak Makmur 24,Kuantan,Pahang
25150,Lorong Permatang Badak Perdana,Kuantan,Pahang
25150,Lorong Rasau Aman 2,Kuantan,Pahang
25150,Lorong Rasau Perdana,Kuantan,Pahang
25150,Lorong Rasau Permata,Kuantan,Pahang
25150,Lorong Seri Damai Aman 52,Kuantan,Pahang
25150,Lorong Seri Damai Perdana 1,Kuantan,Pahang
25150,Lorong Sri Inderapura,Kuantan,Pahang
25150,Lorong Sungai Isap Damai,Kuantan,Pahang
25150,Lorong Sungai Isap Jaya,Kuantan,Pahang
25150,Lorong Sungai Isap Perdana,Kuantan,Pahang
25150,Lorong Tas Ria 38,Kuantan,Pahang
25150,Lorong Tas Ria,Kuantan,Pahang
25150,Maktab Sains Mara,Kuantan,Pahang
25150,PAKR Bukit Rangin,Kuantan,Pahang
25150,Paya Besar (Jalan Gambang),Kuantan,Pahang
25150,Perkampungan Bunut Rendang Jaya,Kuantan,Pahang
25150,Perkampungan Gudang Rasau,Kuantan,Pahang
25150,Perkampungan Indera Sempurna,Kuantan,Pahang
25150,Perkampungan Pandan Damai,Kuantan,Pahang
25150,Perkampungan Permatang Badak Jaya,Kuantan,Pahang
25150,Perkampungan Permatang Badak Perdana,Kuantan,Pahang
25150,Perkampungan Seri Damai Aman,Kuantan,Pahang
25150,Perkampungan Seri Damai Baru,Kuantan,Pahang
25150,Perkampungan Seri Damai Perdana,Kuantan,Pahang
25150,Perkampungan Sungai Isap Aman,Kuantan,Pahang
25150,Permatang Badak,Kuantan,Pahang
25150,Perumahan Bukit Rangin Perdana 1,Kuantan,Pahang
25150,Perumahan Bukit Rangin Perdana,Kuantan,Pahang
25150,Perumahan Cendering Lama,Kuantan,Pahang
25150,Perumahan Cendering,Kuantan,Pahang
25150,Perumahan Desa Mesra,Kuantan,Pahang
25150,Perumahan Indera Sempurna,Kuantan,Pahang
25150,Perumahan Jaya Gading,Kuantan,Pahang
25150,Perumahan Karyawan,Kuantan,Pahang
25150,Perumahan Kurnia Jaya,Kuantan,Pahang
25150,Perumahan Pandan Damai,Kuantan,Pahang
25150,Perumahan Pandan Jaya,Kuantan,Pahang
25150,Perumahan Pandan Makmur,Kuantan,Pahang
25150,Perumahan Pandan Perdana,Kuantan,Pahang
25150,Perumahan Permatang Badak Aman,Kuantan,Pahang
25150,Perumahan Permatang Badak Damai,Kuantan,Pahang
25150,Perumahan Permatang Badak Jaya,Kuantan,Pahang
25150,Perumahan Permatang Badak Maju,Kuantan,Pahang
25150,Perumahan Permatang Badak Makmur,Kuantan,Pahang
25150,Perumahan Permatang Badak Perdana,Kuantan,Pahang
25150,Perumahan Seri Damai Baru,Kuantan,Pahang
25150,Perumahan Seri Damai Jaya,Kuantan,Pahang
25150,Perumahan Seri Inderapura,Kuantan,Pahang
25150,Perumahan Sri Damai Aman Maju,Kuantan,Pahang
25150,Perumahan Sri Damai Maju,Kuantan,Pahang
25150,Perumahan Sungai Isap (1 - 3),Kuantan,Pahang
25150,Perumahan Tanah Putih Baru,Kuantan,Pahang
25150,Rumah Murah Permatang Badak,Kuantan,Pahang
25150,Sungai Isap,Kuantan,Pahang
25150,Taman Aishah,Kuantan,Pahang
25150,Taman Aneka Jaya (Jalan Gambang),Kuantan,Pahang
25150,Taman Baru Chendering,Kuantan,Pahang
25150,Taman Belukar Maju,Kuantan,Pahang
25150,Taman Bukit Rangin,Kuantan,Pahang
25150,Taman Desa Mesra,Kuantan,Pahang
25150,Taman Dr Mohd Taib,Kuantan,Pahang
25150,Taman Gudang Rasau Aman,Kuantan,Pahang
25150,Taman Guru,Kuantan,Pahang
25150,Taman Kurnia Jaya,Kuantan,Pahang
25150,Taman Mega,Kuantan,Pahang
25150,Taman Pandan Damai,Kuantan,Pahang
25150,Taman Pandan Perdana,Kuantan,Pahang
25150,Taman Pandan Permai,Kuantan,Pahang
25150,Taman Pandan,Kuantan,Pahang
25150,Taman Permatang Badak Maju,Kuantan,Pahang
25150,Taman Putra/Putri,Kuantan,Pahang
25150,Taman Rasau Aman,Kuantan,Pahang
25150,Taman Rasau Permata,Kuantan,Pahang
25150,Taman Sepakat,Kuantan,Pahang
25150,Taman Sri Belat,Kuantan,Pahang
25150,Taman Sri Inderapura,Kuantan,Pahang
25150,Taman Sri Pandan,Kuantan,Pahang
25150,Taman Sungai Isap Baru,Kuantan,Pahang
25150,Taman Sungai Isap Damai,Kuantan,Pahang
25150,Taman Sungai Isap Jaya,Kuantan,Pahang
25150,Taman Sungai Isap Perdana,Kuantan,Pahang
25150,Taman Sungai Isap,Kuantan,Pahang
25150,Taman Tanah Puteh Baru,Kuantan,Pahang
25150,Taman Tas Kuantan,Kuantan,Pahang
25150,Taman Tas Ria,Kuantan,Pahang
25150,Taman Uda (Jalan Gambang),Kuantan,Pahang
25150,Taman Uda Murni,Kuantan,Pahang
25150,Taman Ukhwah,Kuantan,Pahang
25150,Tanah Puteh,Kuantan,Pahang
25200,Bandar Indera Mahkota 1,Kuantan,Pahang
25200,Bandar Indera Mahkota,Kuantan,Pahang
25200,Batu Sawar,Kuantan,Pahang
25200,Bukit Istana,Kuantan,Pahang
25200,Bukit Sekilau,Kuantan,Pahang
25200,Bukit Setongkol,Kuantan,Pahang
25200,Desa Samudra,Kuantan,Pahang
25200,Desa Teratai,Kuantan,Pahang
25200,Jabatan Bekalan Air,Kuantan,Pahang
25200,Jalan Bukit Beirut,Kuantan,Pahang
25200,Jalan Bukit Sekilau 1,Kuantan,Pahang
25200,Jalan Bukit Sekilau,Kuantan,Pahang
25200,Jalan Bukit Setongkol,Kuantan,Pahang
25200,Jalan Bukit Ubi,Kuantan,Pahang
25200,Jalan Busut Bukit Setongkol,Kuantan,Pahang
25200,Jalan Haji Junid,Kuantan,Pahang
25200,Jalan IM 16/3,Kuantan,Pahang
25200,Jalan IM 3/9,Kuantan,Pahang
25200,Jalan Indera Mahkota,Kuantan,Pahang
25200,Jalan Kampung Baharu,Kuantan,Pahang
25200,Jalan Kampung Jawa,Kuantan,Pahang
25200,Jalan Kampung Padang,Kuantan,Pahang
25200,Jalan Kanchil,Kuantan,Pahang
25200,Jalan Kenanga,Kuantan,Pahang
25200,Jalan Lim Hoe Lek,Kuantan,Pahang
25200,Jalan Padang Jaya,Kuantan,Pahang
25200,Jalan Paya (1 - 2),Kuantan,Pahang
25200,Jalan Paya Bukit Setongkol,Kuantan,Pahang
25200,Jalan Paya,Kuantan,Pahang
25200,Jalan Sekilau 3,Kuantan,Pahang
25200,Jalan Sekilau,Kuantan,Pahang
25200,Jalan Sepat (Kampung Jawa),Kuantan,Pahang
25200,Jalan Setongkol,Kuantan,Pahang
25200,Jalan Sungai Lembing,Kuantan,Pahang
25200,Jalan Tok Kong,Kuantan,Pahang
25200,Kampung Batu Sawar,Kuantan,Pahang
25200,Kampung Bukit Kuin,Kuantan,Pahang
25200,Kampung Bukit Sekilau,Kuantan,Pahang
25200,Kampung Bukit Setongkol,Kuantan,Pahang
25200,Kampung Bukit Ubi,Kuantan,Pahang
25200,Kampung Cina (Indera Mahkota),Kuantan,Pahang
25200,Kampung Haji Junid,Kuantan,Pahang
25200,Kampung India Bukit Setongkol,Kuantan,Pahang
25200,Kampung Kobat,Kuantan,Pahang
25200,Kampung Padang,Kuantan,Pahang
25200,Kampung Paya (Bukit Setongkol),Kuantan,Pahang
25200,Kampung Songsang,Kuantan,Pahang
25200,Kampung Sungai Charu,Kuantan,Pahang
25200,Kampung Sungai Pinang,Kuantan,Pahang
25200,Kampung Sungai Tiram,Kuantan,Pahang
25200,Kampung Tanjong Pasir,Kuantan,Pahang
25200,Kampung Tanjong Putus,Kuantan,Pahang
25200,Kampung Tiram,Kuantan,Pahang
25200,Kawasan Industri Ringan Prima Kota,Kuantan,Pahang
25200,Kawasan Perindustrian Bandar Indera Mahkota,Kuantan,Pahang
25200,Kawasan Perindustrian Indera Mahkota,Kuantan,Pahang
25200,Ketua Unit Kontrak Bumiputra,Kuantan,Pahang
25200,Kompleks Tun Abdul Razak (KOMTAR),Kuantan,Pahang
25200,Kota Sri Ahmad Shah,Kuantan,Pahang
25200,Kota Sultan Ahmad Shah,Kuantan,Pahang
25200,Ladang Sungai Talam,Kuantan,Pahang
25200,Lembaga Pasaran & Perusahaan Getah,Kuantan,Pahang
25200,Lorong Beirut,Kuantan,Pahang
25200,Lorong Bukit Bay Route 15,Kuantan,Pahang
25200,Lorong Bukit Setongkol 209,Kuantan,Pahang
25200,Lorong Bukit Setongkol 32/1,Kuantan,Pahang
25200,Lorong Bukit Setongkol Maju 18,Kuantan,Pahang
25200,Lorong Bukit Setongkol Maju 44,Kuantan,Pahang
25200,Lorong Bukit Setongkol Maju 46,Kuantan,Pahang
25200,Lorong Bukit Setongkol Maju,Kuantan,Pahang
25200,Lorong Bukit Setongkol,Kuantan,Pahang
25200,Lorong Bukit Ubi 16,Kuantan,Pahang
25200,Lorong Bukit Ubi 2,Kuantan,Pahang
25200,Lorong Bukit Ubi 32,Kuantan,Pahang
25200,Lorong Bukit Ubi 35,Kuantan,Pahang
25200,Lorong Bukit Ubi 47,Kuantan,Pahang
25200,Lorong Bukit Ubi 63,Kuantan,Pahang
25200,Lorong Bukit Ubi 75,Kuantan,Pahang
25200,Lorong Bukit Ubi,Kuantan,Pahang
25200,Lorong Cenderawasih,Kuantan,Pahang
25200,Lorong Desa Teratai,Kuantan,Pahang
25200,Lorong IM 1/28,Kuantan,Pahang
25200,Lorong IM 1/34,Kuantan,Pahang
25200,Lorong IM 10/22,Kuantan,Pahang
25200,Lorong IM 12/1,Kuantan,Pahang
25200,Lorong IM 16/14,Kuantan,Pahang
25200,Lorong IM 5/17,Kuantan,Pahang
25200,Lorong IM 8/33,Kuantan,Pahang
25200,Lorong Impian Ku,Kuantan,Pahang
25200,Lorong Jaya,Kuantan,Pahang
25200,Lorong Kampung Jawa,Kuantan,Pahang
25200,Lorong Kampung Padang Jaya 27,Kuantan,Pahang
25200,Lorong Kampung Padang Jaya,Kuantan,Pahang
25200,Lorong Kampung Tiram Jaya 6,Kuantan,Pahang
25200,Lorong Kancil,Kuantan,Pahang
25200,Lorong Padang Jaya,Kuantan,Pahang
25200,Lorong Padang Permai 41,Kuantan,Pahang
25200,Lorong Paya Tiga 1/1,Kuantan,Pahang
25200,Lorong Paya Tiga 30,Kuantan,Pahang
25200,Lorong Setongkol Baru,Kuantan,Pahang
25200,Lorong Shahzan IM 12,Kuantan,Pahang
25200,Lorong Singa Mas,Kuantan,Pahang
25200,Lorong Sri Teruntum,Kuantan,Pahang
25200,Lorong Stongkol Maju,Kuantan,Pahang
25200,Lorong Stongkol Perdana,Kuantan,Pahang
25200,Lorong Tiram Perdana 2,Kuantan,Pahang
25200,Lorong Tiram,Kuantan,Pahang
25200,"Lot 108, Sek. 31",Kuantan,Pahang
25200,Pejabat Felcra Negeri,Kuantan,Pahang
25200,Pejabat Felda Pahang Timur,Kuantan,Pahang
25200,Pejabat Risda Negeri,Kuantan,Pahang
25200,Perindustrian Indera Mahkota,Kuantan,Pahang
25200,Perkampungan Bukit Setongkol 36,Kuantan,Pahang
25200,Perkampungan Bukit Setongkol Maju,Kuantan,Pahang
25200,Perkampungan Bukit Setongkol Perdana 36,Kuantan,Pahang
25200,Perkampungan Bukit Setongkol,Kuantan,Pahang
25200,Perkampungan Cenderawasih,Kuantan,Pahang
25200,Perkampungan Padang Indah,Kuantan,Pahang
25200,Perkampungan Padang Jaya,Kuantan,Pahang
25200,Perkampungan Padang Perdana,Kuantan,Pahang
25200,Perkampungan Padang Permai,Kuantan,Pahang
25200,Perkampungan Paya Tiga,Kuantan,Pahang
25200,Perkampungan Shahzan IM,Kuantan,Pahang
25200,Perkampungan Tiram Jaya,Kuantan,Pahang
25200,Persiaran Sultan Abu Bakar,Kuantan,Pahang
25200,Perumahan Bandar Indera Mahkota 16,Kuantan,Pahang
25200,Perumahan Bukit Bay Route,Kuantan,Pahang
25200,Perumahan Bukit Istana,Kuantan,Pahang
25200,Perumahan Bukit Setongkol Jaya,Kuantan,Pahang
25200,Perumahan Bukit Setongkol Maju,Kuantan,Pahang
25200,Perumahan Bukit Setongkol Perdana,Kuantan,Pahang
25200,Perumahan Bukit Setongkol,Kuantan,Pahang
25200,Perumahan Cenderawasih Perdana,Kuantan,Pahang
25200,Perumahan IM 1,Kuantan,Pahang
25200,Perumahan Indera Mahkota 1,Kuantan,Pahang
25200,Perumahan Indera Mahkota 11,Kuantan,Pahang
25200,Perumahan Indera Mahkota 15,Kuantan,Pahang
25200,Perumahan Indera Mahkota 18,Kuantan,Pahang
25200,Perumahan Indera Mahkota 2,Kuantan,Pahang
25200,Perumahan Indera Mahkota 21,Kuantan,Pahang
25200,Perumahan Indera Mahkota 5,Kuantan,Pahang
25200,Perumahan Indera Mahkota 8,Kuantan,Pahang
25200,Perumahan Indera Mahkota 9,Kuantan,Pahang
25200,Perumahan Indera Mahkota,Kuantan,Pahang
25200,Perumahan Kampung Padang Baru,Kuantan,Pahang
25200,Perumahan Kampung Padang Indah,Kuantan,Pahang
25200,Perumahan Kampung Padang Jaya,Kuantan,Pahang
25200,Perumahan Kampung Padang Maju,Kuantan,Pahang
25200,Perumahan Kampung Padang Permai,Kuantan,Pahang
25200,Perumahan Padang Maju,Kuantan,Pahang
25200,Perumahan Padang Perdana,Kuantan,Pahang
25200,Perumahan Padang Permai,Kuantan,Pahang
25200,Perumahan Paya Tiga,Kuantan,Pahang
25200,Perumahan Tiram Aman,Kuantan,Pahang
25200,Perumahan Tiram Jaya,Kuantan,Pahang
25200,Perumahan Tiram Perdana,Kuantan,Pahang
25200,Risda Negeri,Kuantan,Pahang
25200,Sungai Charu,Kuantan,Pahang
25200,Taman Alam Perdana,Kuantan,Pahang
25200,Taman Aneka Jaya,Kuantan,Pahang
25200,Taman Astana View,Kuantan,Pahang
25200,Taman Beirut,Kuantan,Pahang
25200,Taman Bukit Setongkol,Kuantan,Pahang
25200,Taman Bukit Ubi Jaya,Kuantan,Pahang
25200,Taman Bukit Ubi,Kuantan,Pahang
25200,Taman Cahaya (Kampung Jawa),Kuantan,Pahang
25200,Taman Cenderawasih Baru,Kuantan,Pahang
25200,Taman Cenderawasih Indah,Kuantan,Pahang
25200,Taman Cenderawasih,Kuantan,Pahang
25200,Taman Chung Chin,Kuantan,Pahang
25200,Taman Dahlia (Bukit Setongkol),Kuantan,Pahang
25200,Taman Desa Cahaya,Kuantan,Pahang
25200,Taman Desa Jawa (Kampung Tengah),Kuantan,Pahang
25200,Taman Desa Jaya,Kuantan,Pahang
25200,Taman Desa Samudra,Kuantan,Pahang
25200,Taman Desa Teratai,Kuantan,Pahang
25200,Taman Fairmont,Kuantan,Pahang
25200,Taman Haji Junid,Kuantan,Pahang
25200,Taman Idaman,Kuantan,Pahang
25200,Taman Impian Ku,Kuantan,Pahang
25200,Taman Indera Mahkota 5,Kuantan,Pahang
25200,Taman Indera Mahkota Jaya,Kuantan,Pahang
25200,Taman Indera Mahkota,Kuantan,Pahang
25200,Taman Irama,Kuantan,Pahang
25200,Taman Jasmin,Kuantan,Pahang
25200,Taman Kampung Jawa,Kuantan,Pahang
25200,Taman Kampung Padang Jaya,Kuantan,Pahang
25200,Taman Kampung Padang Permai,Kuantan,Pahang
25200,Taman Kampung Padang Sejahtera,Kuantan,Pahang
25200,Taman Kota Ria,Kuantan,Pahang
25200,Taman LKNP (Bukit Setongkol),Kuantan,Pahang
25200,Taman LKNP Sekilau Maju,Kuantan,Pahang
25200,Taman Madu,Kuantan,Pahang
25200,Taman Mahkota Idaman,Kuantan,Pahang
25200,Taman Mahkota Perdana,Kuantan,Pahang
25200,Taman Mahkota,Kuantan,Pahang
25200,Taman Maju Jaya,Kuantan,Pahang
25200,Taman Mega Gold,Kuantan,Pahang
25200,Taman Muhibbah,Kuantan,Pahang
25200,Taman Num Chun,Kuantan,Pahang
25200,Taman Padang Jaya,Kuantan,Pahang
25200,Taman Padang Perdana,Kuantan,Pahang
25200,Taman Paya Tiga,Kuantan,Pahang
25200,Taman Perdana,Kuantan,Pahang
25200,Taman Polo,Kuantan,Pahang
25200,Taman Rose,Kuantan,Pahang
25200,Taman Salmah,Kuantan,Pahang
25200,Taman Sekilau Maju,Kuantan,Pahang
25200,Taman Sekilau Makmur,Kuantan,Pahang
25200,Taman Sekilau Mewah,Kuantan,Pahang
25200,Taman Sekilau Perdana,Kuantan,Pahang
25200,Taman Sekilau,Kuantan,Pahang
25200,Taman Seri Berlian,Kuantan,Pahang
25200,Taman Seri Setongkol,Kuantan,Pahang
25200,Taman Setongkol Baru,Kuantan,Pahang
25200,Taman Setongkol Jaya,Kuantan,Pahang
25200,Taman Setongkol,Kuantan,Pahang
25200,Taman Shahzan Indera Mahkota,Kuantan,Pahang
25200,Taman Sinar,Kuantan,Pahang
25200,Taman Singa Mas,Kuantan,Pahang
25200,Taman Sri Setongkol,Kuantan,Pahang
25200,Taman Stongkol Perdana,Kuantan,Pahang
25200,Taman Sungai Charu,Kuantan,Pahang
25200,Taman Sungai Karas,Kuantan,Pahang
25200,Taman Tanjong Pasir,Kuantan,Pahang
25200,Taman Tas Mahkota,Kuantan,Pahang
25200,Taman Tiram Jaya,Kuantan,Pahang
25200,Taman Tunas Makmur,Kuantan,Pahang
25200,Taman Utama,Kuantan,Pahang
25250,Alor Akar A,Kuantan,Pahang
25250,Belatuk,Kuantan,Pahang
25250,Galing Besar,Kuantan,Pahang
25250,Jalan Alor Akar,Kuantan,Pahang
25250,Jalan Baserah,Kuantan,Pahang
25250,Jalan Belatok,Kuantan,Pahang
25250,Jalan Beserah,Kuantan,Pahang
25250,Jalan Dato Bahaman,Kuantan,Pahang
25250,Jalan Galing,Kuantan,Pahang
25250,Jalan Kubang Buaya,Kuantan,Pahang
25250,Jalan Murai,Kuantan,Pahang
25250,Jalan Pandan,Kuantan,Pahang
25250,Jalan Serai,Kuantan,Pahang
25250,Jalan Survey Qts,Kuantan,Pahang
25250,Lembaga Tembakau Negara,Kuantan,Pahang
25250,Lorong Alor Akar 3,Kuantan,Pahang
25250,Lorong Alor Akar 79,Kuantan,Pahang
25250,Lorong Alur Akar 31,Kuantan,Pahang
25250,Lorong Kubang Buaya 36,Kuantan,Pahang
25250,Lorong Kubang Buaya,Kuantan,Pahang
25250,Lorong Serai,Kuantan,Pahang
25250,Lorong Seri Kuantan 15,Kuantan,Pahang
25250,Lorong Seri Kuantan 17,Kuantan,Pahang
25250,Lorong Seri Kuantan 80,Kuantan,Pahang
25250,Lorong Seri Kuantan 82,Kuantan,Pahang
25250,Perkampungan Alor Akar,Kuantan,Pahang
25250,Perumahan Galing,Kuantan,Pahang
25250,Perumahan Pasifik,Kuantan,Pahang
25250,Perumahan Pelindung,Kuantan,Pahang
25250,Perumahan Seri Kuantan,Kuantan,Pahang
25250,Seng Heng Garden,Kuantan,Pahang
25250,Survey Quarters,Kuantan,Pahang
25250,Taman Ah Heng,Kuantan,Pahang
25250,Taman Alfa Indah,Kuantan,Pahang
25250,Taman Alor Akar Indah,Kuantan,Pahang
25250,Taman Alor Akar,Kuantan,Pahang
25250,Taman Aman,Kuantan,Pahang
25250,Taman Bahagia,Kuantan,Pahang
25250,Taman Bak Siah,Kuantan,Pahang
25250,Taman Baru (Jalan Taman Bee),Kuantan,Pahang
25250,Taman Bashah Jaya,Kuantan,Pahang
25250,Taman Bee,Kuantan,Pahang
25250,Taman Beserah Jaya,Kuantan,Pahang
25250,Taman Bumi Raya,Kuantan,Pahang
25250,Taman Bunga Raya,Kuantan,Pahang
25250,Taman Damai,Kuantan,Pahang
25250,Taman East Coast,Kuantan,Pahang
25250,Taman East Dragon,Kuantan,Pahang
25250,Taman Emerald,Kuantan,Pahang
25250,Taman Fock Wah,Kuantan,Pahang
25250,Taman Galing Park,Kuantan,Pahang
25250,Taman Goh,Kuantan,Pahang
25250,Taman Happy,Kuantan,Pahang
25250,Taman Hasfa Tunas,Kuantan,Pahang
25250,Taman Hasfa,Kuantan,Pahang
25250,Taman Intan,Kuantan,Pahang
25250,Taman Jalan Galing,Kuantan,Pahang
25250,Taman Kuan San,Kuantan,Pahang
25250,Taman Kuantan,Kuantan,Pahang
25250,Taman Kubang Buaya,Kuantan,Pahang
25250,Taman Kwong Sang,Kuantan,Pahang
25250,Taman Lee Choon,Kuantan,Pahang
25250,Taman Maju,Kuantan,Pahang
25250,Taman Mariamah,Kuantan,Pahang
25250,Taman Mas,Kuantan,Pahang
25250,Taman Mayfair,Kuantan,Pahang
25250,Taman Metro,Kuantan,Pahang
25250,Taman Mewah,Kuantan,Pahang
25250,Taman Midah,Kuantan,Pahang
25250,Taman Mutiara,Kuantan,Pahang
25250,Taman Onn Loke,Kuantan,Pahang
25250,Taman Orkid,Kuantan,Pahang
25250,Taman Paramount,Kuantan,Pahang
25250,Taman Peng On,Kuantan,Pahang
25250,Taman River View,Kuantan,Pahang
25250,Taman Ruby,Kuantan,Pahang
25250,Taman Saujana,Kuantan,Pahang
25250,Taman Sea View,Kuantan,Pahang
25250,Taman Seng Heng,Kuantan,Pahang
25250,Taman Serai,Kuantan,Pahang
25250,Taman Seri Kuantan,Kuantan,Pahang
25250,Taman Seri Lempah,Kuantan,Pahang
25250,Taman Sri Pelangi,Kuantan,Pahang
25250,Taman Sun Foon,Kuantan,Pahang
25250,Taman Sungai Karas,Kuantan,Pahang
25250,Taman Suria,Kuantan,Pahang
25250,Taman Timur,Kuantan,Pahang
25250,Taman Tiong,Kuantan,Pahang
25300,Alor Akar B,Kuantan,Pahang
25300,Hutan Setali,Kuantan,Pahang
25300,Jalan Air Putih (1 - 6),Kuantan,Pahang
25300,Jalan Beserah,Kuantan,Pahang
25300,Jalan Chan Loon Compound,Kuantan,Pahang
25300,Jalan Haji Ahmad (1 - 7),Kuantan,Pahang
25300,Jalan Haji Ahmad 10,Kuantan,Pahang
25300,Jalan Hutan Setali,Kuantan,Pahang
25300,Jalan Lim Hoe Lek 1,Kuantan,Pahang
25300,Jalan Pelanduk,Kuantan,Pahang
25300,Jalan Putra Square,Kuantan,Pahang
25300,Jalan Tun Ismail 1,Kuantan,Pahang
25300,Jalan Tun Ismail 10,Kuantan,Pahang
25300,Kampung Air Puteh,Kuantan,Pahang
25300,Kampung Alor Akar,Kuantan,Pahang
25300,Kampung Cina,Kuantan,Pahang
25300,Kampung Galing Besar,Kuantan,Pahang
25300,Kampung Galing Camp,Kuantan,Pahang
25300,Kampung Jalan Hutan Setali,Kuantan,Pahang
25300,Kampung Lapang Besar,Kuantan,Pahang
25300,Kampung Setali,Kuantan,Pahang
25300,Kawasan Perindustrian Semambu,Kuantan,Pahang
25300,Lorong 1 - 8 (Taman Imbi),Kuantan,Pahang
25300,Lorong Air Putih (1 - 131),Kuantan,Pahang
25300,Lorong Air Putih 115,Kuantan,Pahang
25300,Lorong Bayan 14,Kuantan,Pahang
25300,Lorong Bayan 3,Kuantan,Pahang
25300,Lorong Galing 23,Kuantan,Pahang
25300,Lorong Galing 27,Kuantan,Pahang
25300,Lorong Galing 29,Kuantan,Pahang
25300,Lorong Galing 50,Kuantan,Pahang
25300,Lorong Galing 9,Kuantan,Pahang
25300,Lorong Galing,Kuantan,Pahang
25300,Lorong Gemilang,Kuantan,Pahang
25300,Lorong Haji Ahmad (1 - 2),Kuantan,Pahang
25300,Lorong Haji Ahmad 10,Kuantan,Pahang
25300,Lorong Melor,Kuantan,Pahang
25300,Lorong Puyu (1 - 11),Kuantan,Pahang
25300,Lorong Sekilau 63,Kuantan,Pahang
25300,Lorong Sekilau,Kuantan,Pahang
25300,Lorong Seri Setali 101,Kuantan,Pahang
25300,Lorong Seri Setali 105,Kuantan,Pahang
25300,Lorong Seri Setali 89,Kuantan,Pahang
25300,Lorong Serindit (1 - 111),Kuantan,Pahang
25300,Lorong Tok Sira,Kuantan,Pahang
25300,Lorong Tun Ismail (8 - 12),Kuantan,Pahang
25300,Markas Briged Tenggara PPH,Kuantan,Pahang
25300,Perkampungan Air Putih,Kuantan,Pahang
25300,Perkampungan Galing,Kuantan,Pahang
25300,Perkampungan Sekilau,Kuantan,Pahang
25300,Perumahan Air Putih,Kuantan,Pahang
25300,Perumahan Dato' Abdul Rashid Salleh,Kuantan,Pahang
25300,Perumahan Sekilau,Kuantan,Pahang
25300,Perumahan Seri Setali,Kuantan,Pahang
25300,Putra Square,Kuantan,Pahang
25300,Taman Air Puteh Maju,Kuantan,Pahang
25300,Taman Air Putih,Kuantan,Pahang
25300,Taman Anda,Kuantan,Pahang
25300,Taman Anggerik Desa,Kuantan,Pahang
25300,Taman Angkasa,Kuantan,Pahang
25300,Taman Angsa,Kuantan,Pahang
25300,Taman Asia,Kuantan,Pahang
25300,Taman Baru (Jalan Ayer Puteh),Kuantan,Pahang
25300,Taman Berjaya,Kuantan,Pahang
25300,Taman Berlian,Kuantan,Pahang
25300,Taman Bersekutu,Kuantan,Pahang
25300,Taman Beserah,Kuantan,Pahang
25300,Taman Cahaya (Bukit Galing),Kuantan,Pahang
25300,Taman Cahaya Timur,Kuantan,Pahang
25300,Taman Chia,Kuantan,Pahang
25300,Taman City,Kuantan,Pahang
25300,Taman Desa Anggerik,Kuantan,Pahang
25300,Taman Galing,Kuantan,Pahang
25300,Taman Gaya,Kuantan,Pahang
25300,Taman Gembira,Kuantan,Pahang
25300,Taman Harapan,Kuantan,Pahang
25300,Taman Hong Seng,Kuantan,Pahang
25300,Taman Imbi,Kuantan,Pahang
25300,Taman Indah,Kuantan,Pahang
25300,Taman Indera,Kuantan,Pahang
25300,Taman Ipoh,Kuantan,Pahang
25300,Taman Jubli,Kuantan,Pahang
25300,Taman Kim Leng,Kuantan,Pahang
25300,Taman Klasik,Kuantan,Pahang
25300,Taman Kuantan Jaya,Kuantan,Pahang
25300,Taman Kurnia,Kuantan,Pahang
25300,Taman LKNP (Jalan Beserah),Kuantan,Pahang
25300,Taman Mahawangsa,Kuantan,Pahang
25300,Taman MCA Satu,Kuantan,Pahang
25300,Taman MCA,Kuantan,Pahang
25300,Taman Megah Jaya,Kuantan,Pahang
25300,Taman Megah Ria,Kuantan,Pahang
25300,Taman Mirama,Kuantan,Pahang
25300,Taman Multiplier,Kuantan,Pahang
25300,Taman Pacific,Kuantan,Pahang
25300,Taman Pauline,Kuantan,Pahang
25300,Taman Peninsular Court,Kuantan,Pahang
25300,Taman Peninsular Jaya,Kuantan,Pahang
25300,Taman Peninsular,Kuantan,Pahang
25300,Taman Pertama,Kuantan,Pahang
25300,Taman Puyu,Kuantan,Pahang
25300,Taman Rasa Sayang,Kuantan,Pahang
25300,Taman Seri Galing,Kuantan,Pahang
25300,Taman Seri Pelandok,Kuantan,Pahang
25300,Taman Seri Tahan,Kuantan,Pahang
25300,Taman Serindit,Kuantan,Pahang
25300,Taman Setali Indah,Kuantan,Pahang
25300,Taman Setali Maju,Kuantan,Pahang
25300,Taman Setali Wangsa,Kuantan,Pahang
25300,Taman Setali,Kuantan,Pahang
25300,Taman Siok Thong,Kuantan,Pahang
25300,Taman Sumber Mewah,Kuantan,Pahang
25300,Taman Suraya,Kuantan,Pahang
25300,Taman Tab,Kuantan,Pahang
25300,Taman Tahan,Kuantan,Pahang
25300,Taman Tunas Jaya,Kuantan,Pahang
25300,Taman Tunas,Kuantan,Pahang
25300,Taman Union,Kuantan,Pahang
25350,Estate Semambu,Kuantan,Pahang
25350,Jalan Air Putih,Kuantan,Pahang
25350,Jalan Industri Semambu,Kuantan,Pahang
25350,Jalan Jabor,Kuantan,Pahang
25350,Jalan Pelindung Beserah,Kuantan,Pahang
25350,Jalan Semambu,Kuantan,Pahang
25350,Jalan Sri Setali,Kuantan,Pahang
25350,Kampung Cina Semambu,Kuantan,Pahang
25350,Kampung Semambu,Kuantan,Pahang
25350,Kawasan Perusahaan Semambu,Kuantan,Pahang
25350,Loji Air Semambu,Kuantan,Pahang
25350,Lorong Air Putih (115 - 119),Kuantan,Pahang
25350,Lorong Air Putih 100,Kuantan,Pahang
25350,Lorong Dato Rashid,Kuantan,Pahang
25350,Lorong Galing (129 - 148),Kuantan,Pahang
25350,Lorong Industri,Kuantan,Pahang
25350,Lorong Semambu Baru,Kuantan,Pahang
25350,Lorong Setaling (114 - 121),Kuantan,Pahang
25350,Lorong Sri Setali,Kuantan,Pahang
25350,Maktab Perguruan Tengku Ampuan Afzan,Kuantan,Pahang
25350,Perkampungan Air Putih,Kuantan,Pahang
25350,Perkampungan Semambu Baru,Kuantan,Pahang
25350,Perumahan Dato' Abdul Rashid Salleh,Kuantan,Pahang
25350,Perumahan Murah Semambu,Kuantan,Pahang
25350,Perumahan Semambu Baru,Kuantan,Pahang
25350,Politeknik Kuantan,Kuantan,Pahang
25350,Politeknik Sultan Ahmad Shah (Polisas),Kuantan,Pahang
25350,Semambu,Kuantan,Pahang
25350,Taman Aneka Jaya (Semambu),Kuantan,Pahang
25350,Taman Bersatu,Kuantan,Pahang
25350,Taman Cempaka,Kuantan,Pahang
25350,Taman Dato Rashid,Kuantan,Pahang
25350,Taman Desa,Kuantan,Pahang
25350,Taman Fong Seong,Kuantan,Pahang
25350,Taman Jalan Semambu,Kuantan,Pahang
25350,Taman LKNP Semambu PT I,Kuantan,Pahang
25350,Taman Paka,Kuantan,Pahang
25350,Taman Rimau,Kuantan,Pahang
25350,Taman Sekilau Maju (Jalan Air Puteh),Kuantan,Pahang
25350,Taman Semambu,Kuantan,Pahang
25350,Taman Sentosa Baru,Kuantan,Pahang
25350,Taman Sentosa,Kuantan,Pahang
25350,Taman Serukun,Kuantan,Pahang
25350,Taman Skyline,Kuantan,Pahang
25350,Taman Sri Raya,Kuantan,Pahang
25350,Taman Timur Raya,Kuantan,Pahang
25350,Taman Tunas Jaya (PT 3),Kuantan,Pahang
25350,Taman Tunas Jaya (PT 5),Kuantan,Pahang
25350,Taman Tunas Manja,Kuantan,Pahang
25350,Taman Union (1 - 2),Kuantan,Pahang
25350,Taman Wawasan,Kuantan,Pahang
25500,DYMM Sultan Pahang,Kuantan,Pahang
25502,YAB Menteri Besar Pahang,Kuantan,Pahang
25503,Setiausaha Kerajaan Negeri,Kuantan,Pahang
25504,Biro Bantuan Guaman,Kuantan,Pahang
25505,Biro Pengaduan Awam,Kuantan,Pahang
25506,Mahkamah Tinggi,Kuantan,Pahang
25508,Amanah Raya Berhad,Kuantan,Pahang
25509,Pegawai Kemajuan Negeri,Kuantan,Pahang
25512,Penasihat Undang-Undang Negeri,Kuantan,Pahang
25514,Jabatan Perangkaan,Kuantan,Pahang
25516,Jabatan Pemegang Harta,Kuantan,Pahang
25517,Jabatan Perpaduan Negara,Kuantan,Pahang
25518,Ketua Audit Negeri,Kuantan,Pahang
25520,Suruhanjaya Perkhidmatan Awam,Kuantan,Pahang
25524,Setiausaha Keselamatan Negeri,Kuantan,Pahang
25529,Unit Penyelidikan Sosio Ekonomi,Kuantan,Pahang
25532,Jabatan Sumber Manusia,Kuantan,Pahang
25534,Jabatan Kilang & Jentera,Kuantan,Pahang
25536,Jabatan Perhubungan Perusahaan,Kuantan,Pahang
25538,Jabatan Keselamatan Sosial (Perkeso),Kuantan,Pahang
25540,Jabatan Tenaga Rakyat,Kuantan,Pahang
25546,Pejabat Rela Negeri,Kuantan,Pahang
25548,Jabatan Hal Ehwal Orang Asli,Kuantan,Pahang
25550,Jabatan Imigresen,Kuantan,Pahang
25551,Jabatan Pendaftaran Negara,Kuantan,Pahang
25552,Jabatan Pendaftar Pertubuhan,Kuantan,Pahang
25556,Jabatan Pertahanan Awam,Kuantan,Pahang
25558,Jabatan Penjara,Kuantan,Pahang
25560,Ketua Polis Negeri,Kuantan,Pahang
25564,Jabatan Kebajikan Masyarakat,Kuantan,Pahang
25570,Jabatan Belia & Sukan,Kuantan,Pahang
25576,Jabatan Tanah & Galian,Kuantan,Pahang
25578,Jabatan Ukur & Pemetaan,Kuantan,Pahang
25582,Jabatan Kerja Raya,Kuantan,Pahang
25584,Jabatan Kawalan Penyakit,Kuantan,Pahang
25586,Hospital Kuantan,Kuantan,Pahang
25590,Jabatan Kesihatan,Kuantan,Pahang
25592,Jabatan Penilaian Harta,Kuantan,Pahang
25592,Pegawai Kewangan Negeri,Kuantan,Pahang
25594,Akauntan Negeri,Kuantan,Pahang
25596,Jabatan Kastam & Eksais Di Raja,Kuantan,Pahang
25598,Kumpulan Wang Simpanan Pekerja,Kuantan,Pahang
25600,Lembaga Hasil Dalam Negeri,Kuantan,Pahang
25604,Jabatan Pendidikan,Kuantan,Pahang
25604,Jemaah Nazir Sekolah,Kuantan,Pahang
25606,Jabatan Kemajuan Masyarakat (Kemas),Kuantan,Pahang
25608,Jabatan Pembangunan Koperasi,Kuantan,Pahang
25609,Pejabat Mara Negeri,Kuantan,Pahang
25610,Bahagian Pelesenan - Kementerian Penerangan,Kuantan,Pahang
25612,Jabatan Penerangan,Kuantan,Pahang
25614,Jabatan Penyiaran,Kuantan,Pahang
25620,Jabatan Pengangkutan Jalan,Kuantan,Pahang
25622,Jabatan Pendaftar Perniagaan,Kuantan,Pahang
25622,Pejabat Unit Matrik,Kuantan,Pahang
25622,Penguatkuasa Kem Perdagangan Dalam Negeri,Kuantan,Pahang
25626,Jabatan Pengairan & Saliran,Kuantan,Pahang
25628,Jabatan Perikanan,Kuantan,Pahang
25630,Jabatan Haiwan,Kuantan,Pahang
25632,Jabatan Pertanian,Kuantan,Pahang
25644,Majlis Perbandaran Kuantan,Kuantan,Pahang
25646,Jabatan Perancang Bandar & Desa,Kuantan,Pahang
25648,Jabatan Bomba & Penyelamat,Kuantan,Pahang
25656,Jabatan Galian Wilayah Timur,Kuantan,Pahang
25660,Jabatan Perhutanan,Kuantan,Pahang
25661,Padi & Beras Nasional (Bernas),Kuantan,Pahang
25662,Jabatan Alam Sekitar Wilayah Timur,Kuantan,Pahang
25662,Jabatan Kajicuaca,Kuantan,Pahang
25662,Jabatan Kimia,Kuantan,Pahang
25670,Pos Malaysia Berhad,Kuantan,Pahang
25672,Telekom Malaysia Berhad,Kuantan,Pahang
25673,Tenaga Nasional Berhad,Kuantan,Pahang
25674,Perbadanan Kemajuan Negeri Pahang,Kuantan,Pahang
25676,Jabatan Agama Islam Pahang,Kuantan,Pahang
25690,Suruhanjaya Pilihanraya Negeri,Kuantan,Pahang
25700,Peti Surat 1 - 80,Kuantan,Pahang
25710,Peti Surat 81 - 160,Kuantan,Pahang
25720,Peti Surat 161 - 240,Kuantan,Pahang
25730,Peti Surat 241 - 320,Kuantan,Pahang
25740,Peti Surat 321 - 400,Kuantan,Pahang
25750,Peti Surat 401 & Ke Atas,Kuantan,Pahang
25990,Badan Pencegah Rasuah,Kuantan,Pahang
25990,Beg Berkunci,Kuantan,Pahang
25990,Markas Divisyen Kem Batu 10,Kuantan,Pahang
26010,Markas Wilayah Laut (TLDM),Kuantan,Pahang
26010,Sungai Panching Selatan,Kuantan,Pahang
26040,Felda Panching Timur,Kuantan,Pahang
26040,Sungai Panching Timur,Kuantan,Pahang
26050,Bukit Goh Perdana (1 - 12),Bukit Goh,Pahang
26050,Bukit Goh,Bukit Goh,Pahang
26050,Bukit Sagu 1,Bukit Goh,Pahang
26050,Jalan Aman,Bukit Goh,Pahang
26050,Jalan Cempaka,Bukit Goh,Pahang
26050,Jalan Cengal,Bukit Goh,Pahang
26050,Jalan Damai,Bukit Goh,Pahang
26050,Jalan Kektus,Bukit Goh,Pahang
26050,Jalan Kekwa,Bukit Goh,Pahang
26050,Jalan Kenanga,Bukit Goh,Pahang
26050,Jalan Kubur,Bukit Goh,Pahang
26050,Jalan Masjid,Bukit Goh,Pahang
26050,Jalan Mawar,Bukit Goh,Pahang
26050,Jalan Melor,Bukit Goh,Pahang
26050,Jalan Murai,Bukit Goh,Pahang
26050,Jalan Ros,Bukit Goh,Pahang
26050,Jalan Sega,Bukit Goh,Pahang
26050,Jalan Serai,Bukit Goh,Pahang
26050,Jalan Seroja,Bukit Goh,Pahang
26050,Jalan Teratai,Bukit Goh,Pahang
26050,Jalan Tok Janggut,Bukit Goh,Pahang
26050,Lorong Muhamad,Bukit Goh,Pahang
26050,Perkampungan RTP Bukit Goh,Bukit Goh,Pahang
26050,Perkampungan Tanah Pemuda,Bukit Goh,Pahang
26050,Pertanian Komuniti,Bukit Goh,Pahang
26050,Perumahan Bukit Goh Perdana,Bukit Goh,Pahang
26050,Simpang 3 RTP,Bukit Goh,Pahang
26060,Astaka Village,Kuantan,Pahang
26060,Bandar Kuantan Putri,Kuantan,Pahang
26060,Bandar Putra Peramu,Kuantan,Pahang
26060,Bandar Putra,Kuantan,Pahang
26060,Jalan Haji Wok (Tanjung Lumpur),Kuantan,Pahang
26060,Jalan Kempadang - Soi,Kuantan,Pahang
26060,Jalan Masjid (Tanjung Lumpur),Kuantan,Pahang
26060,Jalan Razali (Tanjung Lumpur),Kuantan,Pahang
26060,Jalan Tanjong Lumpur,Kuantan,Pahang
26060,Jalan Tanjung Lumpur 7,Kuantan,Pahang
26060,Jalan Teluk Baharu 2,Kuantan,Pahang
26060,Jalan Tok Guru (Tanjung Lumpur),Kuantan,Pahang
26060,Kampung Anak Air,Kuantan,Pahang
26060,Kampung Baharu Tanjung Lumpur,Kuantan,Pahang
26060,Kampung Banjir,Kuantan,Pahang
26060,Kampung Chempaka (Kuala Penor),Kuantan,Pahang
26060,Kampung Kempadang,Kuantan,Pahang
26060,Kampung Kuala Penor,Kuantan,Pahang
26060,Kampung Nelayan,Kuantan,Pahang
26060,Kampung Orang Asli (Batu 9 Jalan Pekan),Kuantan,Pahang
26060,Kampung Pahang Sol,Kuantan,Pahang
26060,Kampung Pahang,Kuantan,Pahang
26060,Kampung Pak Mahat,Kuantan,Pahang
26060,Kampung Penor,Kuantan,Pahang
26060,Kampung Peramu Hilir,Kuantan,Pahang
26060,Kampung Peramu Hulu,Kuantan,Pahang
26060,Kampung Peramu,Kuantan,Pahang
26060,Kampung Sepat,Kuantan,Pahang
26060,Kampung Seri Melati,Kuantan,Pahang
26060,Kampung Sri Melati,Kuantan,Pahang
26060,Kampung Sungai Derhaka,Kuantan,Pahang
26060,Kampung Sungai Dua,Kuantan,Pahang
26060,Kampung Sungai Soi,Kuantan,Pahang
26060,Kampung Tanjong Lumpor,Kuantan,Pahang
26060,Kampung Telok Baharu,Kuantan,Pahang
26060,Lorong Alor Gajah (1 - 2),Kuantan,Pahang
26060,Lorong Alor Kangkong,Kuantan,Pahang
26060,Lorong Berjaya Permai 1,Kuantan,Pahang
26060,Lorong BKP 26,Kuantan,Pahang
26060,Lorong Cempaka (1 - 6),Kuantan,Pahang
26060,Lorong Cempaka 4/9,Kuantan,Pahang
26060,Lorong Haji Ariffin,Kuantan,Pahang
26060,Lorong I S 44,Kuantan,Pahang
26060,Lorong Kampung Sungai Deraka 4,Kuantan,Pahang
26060,Lorong Kempadang Aman (83 - 85),Kuantan,Pahang
26060,Lorong Kempadang Jaya 1/2,Kuantan,Pahang
26060,Lorong Kempadang Jaya 3,Kuantan,Pahang
26060,Lorong Kempadang Maju 11,Kuantan,Pahang
26060,Lorong Kempadang Maju 3,Kuantan,Pahang
26060,Lorong Kempadang Makmur 1/17,Kuantan,Pahang
26060,Lorong Kempadang Makmur 62,Kuantan,Pahang
26060,Lorong Kempadang Perdana 23,Kuantan,Pahang
26060,Lorong Kempadang Perdana 3/1,Kuantan,Pahang
26060,Lorong Kempadang Sejahtera 2,Kuantan,Pahang
26060,Lorong Kempadang Setia 4,Kuantan,Pahang
26060,Lorong Melor (Kampung Kempadang),Kuantan,Pahang
26060,Lorong Meranti,Kuantan,Pahang
26060,Lorong Pak Mahat,Kuantan,Pahang
26060,Lorong Penor Aman,Kuantan,Pahang
26060,Lorong Peramu Aman 30,Kuantan,Pahang
26060,Lorong Peramu Baru,Kuantan,Pahang
26060,Lorong Peramu Maju (1 - 12),Kuantan,Pahang
26060,Lorong Permai 1,Kuantan,Pahang
26060,Lorong Permatang Cengal (Sungai Soi),Kuantan,Pahang
26060,Lorong Permatang Gaharu Baru 1,Kuantan,Pahang
26060,Lorong Permatang Gharu (Kampung Kem),Kuantan,Pahang
26060,Lorong Permatang Limau (Sungai Soi),Kuantan,Pahang
26060,Lorong Permatang Peria (Sungai Soi),Kuantan,Pahang
26060,Lorong Permatang Ubi (Sungai Soi),Kuantan,Pahang
26060,Lorong Rusa (Kampung Kempadang),Kuantan,Pahang
26060,Lorong Sri Inderapura 60,Kuantan,Pahang
26060,Lorong Sungai Soi Baru 17,Kuantan,Pahang
26060,Lorong Sungai Soi Baru 21,Kuantan,Pahang
26060,Lorong Sungai Soi Baru 6,Kuantan,Pahang
26060,Lorong Sungai Soi Jaya 10,Kuantan,Pahang
26060,Lorong Sungai Soi Jaya 18,Kuantan,Pahang
26060,Lorong Sungai Soi Jaya 2,Kuantan,Pahang
26060,Peramu Hilir,Kuantan,Pahang
26060,Peramu Maju,Kuantan,Pahang
26060,Perkampungan Cempaka,Kuantan,Pahang
26060,Perkampungan Kempadang Aman,Kuantan,Pahang
26060,Perkampungan Kempadang Maju,Kuantan,Pahang
26060,Perkampungan Kempadang Makmur,Kuantan,Pahang
26060,Perkampungan Kempadang Perdana,Kuantan,Pahang
26060,Perkampungan Kempadang Utama 1,Kuantan,Pahang
26060,Perkampungan Orang Asli,Kuantan,Pahang
26060,Perkampungan Penor Aman,Kuantan,Pahang
26060,Perkampungan Peramu Baru,Kuantan,Pahang
26060,Perkampungan Peramu Maju,Kuantan,Pahang
26060,Perkampungan Soi Baru,Kuantan,Pahang
26060,Perkampungan Sungai Deraka,Kuantan,Pahang
26060,Perkampungan Sungai Soi Baru,Kuantan,Pahang
26060,Perkampungan Sungai Soi Jaya,Kuantan,Pahang
26060,Permatang Gaharu,Kuantan,Pahang
26060,Perumahan Anak Air Jaya,Kuantan,Pahang
26060,Perumahan Anak Air,Kuantan,Pahang
26060,Perumahan Bandar Putra,Kuantan,Pahang
26060,Perumahan Berjaya Permai,Kuantan,Pahang
26060,Perumahan Cempaka 2,Kuantan,Pahang
26060,Perumahan Cempaka 6,Kuantan,Pahang
26060,Perumahan Cempaka Aman,Kuantan,Pahang
26060,Perumahan Indera Sempurna 2,Kuantan,Pahang
26060,Perumahan Kampung Padang Baru,Kuantan,Pahang
26060,Perumahan Kempadang Aman,Kuantan,Pahang
26060,Perumahan Kempadang Baru,Kuantan,Pahang
26060,Perumahan Kempadang Damai,Kuantan,Pahang
26060,Perumahan Kempadang Jaya 2,Kuantan,Pahang
26060,Perumahan Kempadang Jaya,Kuantan,Pahang
26060,Perumahan Kempadang Makmur 1,Kuantan,Pahang
26060,Perumahan Kempadang Makmur,Kuantan,Pahang
26060,Perumahan Kempadang Perdana,Kuantan,Pahang
26060,Perumahan Kempadang Utama,Kuantan,Pahang
26060,Perumahan Makmur Penor Jaya,Kuantan,Pahang
26060,Perumahan Peramu Baru,Kuantan,Pahang
26060,Perumahan Sepat Aman,Kuantan,Pahang
26060,Perumahan Sungai Deraka,Kuantan,Pahang
26060,Perumahan Sungai Soi Baru,Kuantan,Pahang
26060,Perumahan Sungai Soi Damai 1,Kuantan,Pahang
26060,Perumahan Sungai Soi Damai,Kuantan,Pahang
26060,Perumahan Sungai Soi Jaya,Kuantan,Pahang
26060,Perumahan Sungai Soi,Kuantan,Pahang
26060,Taman Ashikan Bayu,Kuantan,Pahang
26060,Taman Astaka Village,Kuantan,Pahang
26060,Taman Bandar Putri,Kuantan,Pahang
26060,Taman Berjaya Permai,Kuantan,Pahang
26060,Taman Desa Bistari,Kuantan,Pahang
26060,Taman Kempadang Jaya,Kuantan,Pahang
26060,Taman Padang Sungai Soi,Kuantan,Pahang
26060,Taman Penor Jaya,Kuantan,Pahang
26060,Taman Prima Bayu,Kuantan,Pahang
26060,Taman Prima Jaya,Kuantan,Pahang
26060,Taman RRM Kempadang Perdana,Kuantan,Pahang
26060,Taman RRM Peramu,Kuantan,Pahang
26060,Tanjung Lumpor,Kuantan,Pahang
26060,Yayasan Pahang,Kuantan,Pahang
26070,Jaya Gading,Kuantan,Pahang
26070,Kampung Batu 11,Kuantan,Pahang
26070,Kampung Cina (Kuantan),Kuantan,Pahang
26070,Kampung Jaya Gading,Kuantan,Pahang
26070,Kampung Mahkota,Kuantan,Pahang
26070,Kampung Pandan Dua,Kuantan,Pahang
26070,Kampung Pandan Perdana 1,Kuantan,Pahang
26070,Kampung Pandan Satu,Kuantan,Pahang
26070,Kampung Seri Damai,Kuantan,Pahang
26070,Kampung Sri Damai,Kuantan,Pahang
26070,Lorong Jaya Gading 28,Kuantan,Pahang
26070,Lorong Jaya Gading 30,Kuantan,Pahang
26070,Lorong Melor,Kuantan,Pahang
26070,Lorong Pandan Aman 16,Kuantan,Pahang
26070,Lorong Pandan Perdana 1,Kuantan,Pahang
26070,Lorong Pandan Perdana 1/10,Kuantan,Pahang
26070,Lorong Pandan Perdana 1/23,Kuantan,Pahang
26070,Lorong Pandan Perdana 4,Kuantan,Pahang
26070,Lorong Pandan Perdana 6/3,Kuantan,Pahang
26070,Lorong Pandan Sejahtera 2/1,Kuantan,Pahang
26070,Lorong Pandan Sejahtera 2/4,Kuantan,Pahang
26070,Lorong Seri Damai Perdana 57,Kuantan,Pahang
26070,Lorong Seri Mahkota Aman 32,Kuantan,Pahang
26070,Lorong Seri Mahkota Permai,Kuantan,Pahang
26070,Lorong Seri Mahkota Ria 1,Kuantan,Pahang
26070,Perkampungan Pandan Indah,Kuantan,Pahang
26070,Perkampungan Pandan Jaya,Kuantan,Pahang
26070,Perkampungan Pandan Perdana,Kuantan,Pahang
26070,Perkampungan Pandan Sejahtera,Kuantan,Pahang
26070,Perkampungan Seri Mahkota Aman,Kuantan,Pahang
26070,Perkampungan Seri Mahkota Permai,Kuantan,Pahang
26070,Perumahan Jaya Gading 2,Kuantan,Pahang
26070,Perumahan Kampung Pandan Sejahtera,Kuantan,Pahang
26070,Perumahan Makmur Mahkota Jaya,Kuantan,Pahang
26070,Perumahan Pandan Aman 1,Kuantan,Pahang
26070,Perumahan Pandan Aman,Kuantan,Pahang
26070,Perumahan Pandan Damai,Kuantan,Pahang
26070,Perumahan Pandan Makmur,Kuantan,Pahang
26070,Perumahan Pandan Perdana 2,Kuantan,Pahang
26070,Perumahan Pandan Perdana,Kuantan,Pahang
26070,Perumahan Pandan Sejahtera 1,Kuantan,Pahang
26070,Perumahan Pandan Sejahtera 2,Kuantan,Pahang
26070,Perumahan Pandan Sejahtera,Kuantan,Pahang
26070,Perumahan Seri Damai Aman,Kuantan,Pahang
26070,Perumahan Seri Damai Baru,Kuantan,Pahang
26070,Perumahan Seri Damai Indah,Kuantan,Pahang
26070,Perumahan Seri Mahkota Jaya 1,Kuantan,Pahang
26070,Perumahan Seri Mahkota Maju,Kuantan,Pahang
26070,Taman Aneka Jaya,Kuantan,Pahang
26070,Taman Mahkota Aman,Kuantan,Pahang
26070,Taman Mahkota Jaya,Kuantan,Pahang
26070,Taman Mahkota Makmur,Kuantan,Pahang
26070,Taman Mahkota Permai,Kuantan,Pahang
26070,Taman Pandan Damai 1,Kuantan,Pahang
26070,Taman Pandan Perdana 2,Kuantan,Pahang
26070,Taman Pandan Sejahtera 1,Kuantan,Pahang
26070,Taman Perdana,Kuantan,Pahang
26070,Taman Sri Gading,Kuantan,Pahang
26070,Taman Sri Ku,Kuantan,Pahang
26070,Taman Sri Mahkota,Kuantan,Pahang
26070,Telok Baru,Kuantan,Pahang
26080,Balok Perdana,Kuantan,Pahang
26080,Balok,Kuantan,Pahang
26080,Bandar Baru Gebeng,Kuantan,Pahang
26080,Cherating,Kuantan,Pahang
26080,Jalan Aspa,Kuantan,Pahang
26080,Jalan Balok Baru,Kuantan,Pahang
26080,Jalan Gebeng 1/24,Kuantan,Pahang
26080,Jalan Kuantan - Kemaman,Kuantan,Pahang
26080,Jalan Kuantan By Pass,Kuantan,Pahang
26080,Kampung Baging,Kuantan,Pahang
26080,Kampung Baharu Sungai Ular,Kuantan,Pahang
26080,Kampung Baru Cherating,Kuantan,Pahang
26080,Kampung Batu 20,Kuantan,Pahang
26080,Kampung Batu Palas,Kuantan,Pahang
26080,Kampung Chengal Lempong,Kuantan,Pahang
26080,Kampung Cherating,Kuantan,Pahang
26080,Kampung Darat Sungai Ular,Kuantan,Pahang
26080,Kampung Kubang Ikan,Kuantan,Pahang
26080,Kampung Melayu (Jabor),Kuantan,Pahang
26080,Kampung Seberang Sungai Ular,Kuantan,Pahang
26080,Kampung Selamat,Kuantan,Pahang
26080,Kampung Sungai Baging,Kuantan,Pahang
26080,Kampung Sungai Ular,Kuantan,Pahang
26080,Kawasan Perindustrian Gebeng,Kuantan,Pahang
26080,Lorong Balok Baru,Kuantan,Pahang
26080,Lorong Balok Makmur,Kuantan,Pahang
26080,Lorong Balok Perdana 3/4,Kuantan,Pahang
26080,Lorong Balok Perdana 4/1,Kuantan,Pahang
26080,Lorong Chendur Baru 4,Kuantan,Pahang
26080,Lorong Chendur Makmur,Kuantan,Pahang
26080,Lorong Seberang Balok 3/2,Kuantan,Pahang
26080,Pelabuhan Kuantan,Kuantan,Pahang
26080,Perkampungan Balok Makmur,Kuantan,Pahang
26080,Perkampungan Balok Perdana 4,Kuantan,Pahang
26080,Perkampungan Balok Samudera,Kuantan,Pahang
26080,Perkampungan Chendor Aman,Kuantan,Pahang
26080,Perkampungan Seberang Balok,Kuantan,Pahang
26080,Perkampungan Sungai Ular Damai,Kuantan,Pahang
26080,Perkampungan Sungai Ular Jaya,Kuantan,Pahang
26080,Perkampungan Sungai Ular Perdana,Kuantan,Pahang
26080,Perumahan Sungai Baging 1,Kuantan,Pahang
26080,Perumahan Sungai Ular Damai,Kuantan,Pahang
26080,Perumahan Sungai Ular Jaya,Kuantan,Pahang
26080,Sungai Ular,Kuantan,Pahang
26080,Taman Balok Aman,Kuantan,Pahang
26080,Taman Balok Baru,Kuantan,Pahang
26080,Taman Balok Makmur,Kuantan,Pahang
26080,Taman Balok Ria,Kuantan,Pahang
26080,Taman Chendor Baru,Kuantan,Pahang
26080,Taman Desa Aspa,Kuantan,Pahang
26080,Taman Samudera,Kuantan,Pahang
26080,Taman Seberang Balok,Kuantan,Pahang
26090,Kampung Baru Ah Tong,Bukit Goh,Pahang
26090,Kampung Bukit Batu,Bukit Goh,Pahang
26090,Kampung Bukit Danau,Bukit Goh,Pahang
26090,Kampung Charas,Bukit Goh,Pahang
26090,Kampung Danang,Bukit Goh,Pahang
26090,Kampung Gajah Mati,Bukit Goh,Pahang
26090,Kampung Kolek,Bukit Goh,Pahang
26090,Kampung Kuala Reman,Bukit Goh,Pahang
26090,Kampung Machang,Bukit Goh,Pahang
26090,Kampung Panching,Bukit Goh,Pahang
26090,Kampung Pasir Kemudi,Bukit Goh,Pahang
26090,Kampung Sungai Batu,Bukit Goh,Pahang
26090,Kampung Sungai Durian,Bukit Goh,Pahang
26090,Kampung Tanjung Pasir,Bukit Goh,Pahang
26090,Lorong Belida,Bukit Goh,Pahang
26090,Lorong Jelawat,Bukit Goh,Pahang
26090,Lorong Kelah,Bukit Goh,Pahang
26090,Lorong Kelisa,Bukit Goh,Pahang
26090,Lorong Sebarau,Bukit Goh,Pahang
26090,Panching,Bukit Goh,Pahang
26090,Pasir Kemudi,Bukit Goh,Pahang
26090,R.R.M Panching,Bukit Goh,Pahang
26090,R.T.P Bukit Mabuk,Bukit Goh,Pahang
26090,Simpang Koran Panching,Bukit Goh,Pahang
26090,Simpang Tiga Bukit Goh,Bukit Goh,Pahang
26090,Taman TLDM,Bukit Goh,Pahang
26100,Bandar Baru Gambang,Kuantan,Pahang
26100,Bandar Damansara Kuantan,Kuantan,Pahang
26100,Batu Hitam Beserah,Kuantan,Pahang
26100,Beserah,Kuantan,Pahang
26100,Bukit Kuin Dua,Kuantan,Pahang
26100,Jalan Alur Ladang 1,Kuantan,Pahang
26100,Jalan Balok Jaya,Kuantan,Pahang
26100,Jalan Bandar Damansara,Kuantan,Pahang
26100,Jalan Kampung Alor Ladang,Kuantan,Pahang
26100,Jalan Kuantan - Kemaman,Kuantan,Pahang
26100,Jalan Pantai Batu Hitam,Kuantan,Pahang
26100,Jalan Pelindung Bayu,Kuantan,Pahang
26100,Jalan Pelindung Maju 1,Kuantan,Pahang
26100,Kampung Alor Ladang,Kuantan,Pahang
26100,Kampung Alor Tuan Haji,Kuantan,Pahang
26100,Kampung Balok,Kuantan,Pahang
26100,"Kampung Baru, Beserah",Kuantan,Pahang
26100,Kampung Batu Hitam,Kuantan,Pahang
26100,Kampung Bugis,Kuantan,Pahang
26100,Kampung Bukit Gelugur,Kuantan,Pahang
26100,Kampung Chendor,Kuantan,Pahang
26100,Kampung Chetty,Kuantan,Pahang
26100,Kampung Darat Sekolah,Kuantan,Pahang
26100,Kampung Darat,Kuantan,Pahang
26100,Kampung Jambu,Kuantan,Pahang
26100,Kampung Jeram,Kuantan,Pahang
26100,Kampung Kubor,Kuantan,Pahang
26100,Kampung Masjid,Kuantan,Pahang
26100,Kampung Pantai Sungai Karang,Kuantan,Pahang
26100,Kampung Pantai,Kuantan,Pahang
26100,Kampung Pasir Garam,Kuantan,Pahang
26100,Kampung Pelindong Tasik,Kuantan,Pahang
26100,Kampung Pelindong,Kuantan,Pahang
26100,Kampung Rumbia,Kuantan,Pahang
26100,Kampung Simpang Kemaman,Kuantan,Pahang
26100,Kampung Tuan,Kuantan,Pahang
26100,Kawasan Perindustrian Gebeng,Kuantan,Pahang
26100,Lorong Alor Ladang 41,Kuantan,Pahang
26100,Lorong Balok Jaya,Kuantan,Pahang
26100,Lorong Balok Permai 6,Kuantan,Pahang
26100,Lorong Balok Sejahtera,Kuantan,Pahang
26100,Lorong Bandar Damansara,Kuantan,Pahang
26100,Lorong Batu Hitam 58,Kuantan,Pahang
26100,Lorong Beserah Ria 43,Kuantan,Pahang
26100,Lorong Bukit Gelugor 9,Kuantan,Pahang
26100,Lorong Bukit Gelugur 13,Kuantan,Pahang
26100,Lorong Chengal Lempong Baru 28,Kuantan,Pahang
26100,Lorong Chengal Lempong,Kuantan,Pahang
26100,Lorong Kampung Bugis,Kuantan,Pahang
26100,Lorong Kampung Jeram 3,Kuantan,Pahang
26100,Lorong Kampung Sungai Deraka 4,Kuantan,Pahang
26100,Lorong Pelindung 24,Kuantan,Pahang
26100,Lorong Pelindung Damai 30,Kuantan,Pahang
26100,Lorong Pelindung Maju,Kuantan,Pahang
26100,Lorong Pelindung Perdana 7,Kuantan,Pahang
26100,Lorong Sungai Karang Damai (90 - 93),Kuantan,Pahang
26100,Lorong Sungai Karang Damai 34,Kuantan,Pahang
26100,Lorong Sungai Karang Darat (9 - 10),Kuantan,Pahang
26100,Lorong Sungai Karang Darat 105,Kuantan,Pahang
26100,Lorong Sungai Karang Darat 51,Kuantan,Pahang
26100,Lorong Sungai Karang Darat Jaya 9,Kuantan,Pahang
26100,Lorong Sungai Karang Darat,Kuantan,Pahang
26100,Lorong Sungai Karang Jaya 7,Kuantan,Pahang
26100,Lorong Sungai Karang Jaya 8,Kuantan,Pahang
26100,Lorong Sungai Karang Maju 6,Kuantan,Pahang
26100,Perkampungan Balok Permai,Kuantan,Pahang
26100,Perkampungan Batu Hitam,Kuantan,Pahang
26100,Perkampungan Beserah Ria,Kuantan,Pahang
26100,Perkampungan Cengal Lempong Baru,Kuantan,Pahang
26100,Perkampungan Cengal Lempong,Kuantan,Pahang
26100,Perkampungan Jeram,Kuantan,Pahang
26100,Perkampungan Pelindung Damai,Kuantan,Pahang
26100,Perkampungan Pelindung Maju,Kuantan,Pahang
26100,Perkampungan Pelindung Perdana,Kuantan,Pahang
26100,Perkampungan Sungai Karang Damai,Kuantan,Pahang
26100,Perkampungan Sungai Karang Darat Jaya,Kuantan,Pahang
26100,Perkampungan Sungai Karang Darat,Kuantan,Pahang
26100,Perkampungan Sungai Karang Jaya,Kuantan,Pahang
26100,Perkampungan Sungai Karang Mesra,Kuantan,Pahang
26100,Perumahan Balok Baru,Kuantan,Pahang
26100,Perumahan Balok Maju,Kuantan,Pahang
26100,Perumahan Balok Makmur,Kuantan,Pahang
26100,Perumahan Balok Pantai,Kuantan,Pahang
26100,Perumahan Balok Perdana,Kuantan,Pahang
26100,Perumahan Beserah Makmur,Kuantan,Pahang
26100,Perumahan Beserah Ria,Kuantan,Pahang
26100,Perumahan Cengal Lempung Aman,Kuantan,Pahang
26100,Perumahan Cengal Lempung Perdana,Kuantan,Pahang
26100,Perumahan Cengal Lempung,Kuantan,Pahang
26100,Perumahan Cerating Makmur,Kuantan,Pahang
26100,Perumahan Chendor Makmur,Kuantan,Pahang
26100,Perumahan Chendor Perdana 1,Kuantan,Pahang
26100,Perumahan Kampung Baru Sungai Karang,Kuantan,Pahang
26100,Perumahan Pelindung Jaya,Kuantan,Pahang
26100,Perumahan Pelindung Maju,Kuantan,Pahang
26100,Perumahan Pelindung Pantai,Kuantan,Pahang
26100,Perumahan Pelindung Perdana,Kuantan,Pahang
26100,Perumahan Seberang Balok Jaya,Kuantan,Pahang
26100,Perumahan Seberang Balok,Kuantan,Pahang
26100,Perumahan Sungai Karang 1,Kuantan,Pahang
26100,Perumahan Sungai Karang Damai,Kuantan,Pahang
26100,Perumahan Sungai Karang Darat,Kuantan,Pahang
26100,Perumahan Sungai Karang Mesra,Kuantan,Pahang
26100,Perumahan Sungai Karang,Kuantan,Pahang
26100,Perumahan Sungai Ular Jaya,Kuantan,Pahang
26100,Perumahan Taman Beserah,Kuantan,Pahang
26100,Pusat Komersil Chendor,Kuantan,Pahang
26100,RRM Batu Hitam (Beserah),Kuantan,Pahang
26100,Sungai Karang Batu 9,Kuantan,Pahang
26100,Sungai Karang Darat,Kuantan,Pahang
26100,Sungai Karang Pantai,Kuantan,Pahang
26100,Taman Balok Cahaya,Kuantan,Pahang
26100,Taman Balok Darat,Kuantan,Pahang
26100,Taman Balok Fajar,Kuantan,Pahang
26100,Taman Balok Jaya 1 & 2,Kuantan,Pahang
26100,Taman Balok Maju,Kuantan,Pahang
26100,Taman Balok Permai,Kuantan,Pahang
26100,Taman Balok Sejahtera,Kuantan,Pahang
26100,Taman Batu Hitam,Kuantan,Pahang
26100,Taman Beserah Permai,Kuantan,Pahang
26100,Taman Beserah,Kuantan,Pahang
26100,Taman Chendor Perdana,Kuantan,Pahang
26100,Taman Chengal Lempong Damai,Kuantan,Pahang
26100,Taman Gelugor 10,Kuantan,Pahang
26100,Taman Jariah,Kuantan,Pahang
26100,Taman Mutiara Perdana,Kuantan,Pahang
26100,Taman Pelindong Bayu,Kuantan,Pahang
26100,Taman Pelindong Damai,Kuantan,Pahang
26100,Taman Pelindong Indah,Kuantan,Pahang
26100,Taman Sungai Karang Maju,Kuantan,Pahang
26100,Taman Sungai Ular Jaya,Kuantan,Pahang
26140,Bukit Kuantan,Kuantan,Pahang
26150,Jabor,Balok,Pahang
26150,Kampung Alor Batu,Balok,Pahang
26180,Bukit Kuin Satu,Bukit Kuin,Pahang
26190,Cherating,Balok,Pahang
26190,Kampung Bahagia,Balok,Pahang
26190,Perumahan Chendor Perdana 3,Balok,Pahang
26200,Batu Enam,Sungai Lembing,Pahang
26200,Bukit Pos,Sungai Lembing,Pahang
26200,Jelihang,Sungai Lembing,Pahang
26200,Jeram Batang,Sungai Lembing,Pahang
26200,Jeram Tekar,Sungai Lembing,Pahang
26200,Kampung 'Nyah,Sungai Lembing,Pahang
26200,Kampung Batu 4 1/2,Sungai Lembing,Pahang
26200,Kampung Batu 6,Sungai Lembing,Pahang
26200,Kampung Kawah,Sungai Lembing,Pahang
26200,Kampung Kolong Pahat,Sungai Lembing,Pahang
26200,Kampung Kuala Nadak,Sungai Lembing,Pahang
26200,Kampung Kuala Perong,Sungai Lembing,Pahang
26200,Kampung Melayu,Sungai Lembing,Pahang
26200,Kampung Sungai Mas,Sungai Lembing,Pahang
26200,Kampung Tengah,Sungai Lembing,Pahang
26200,Kolek,Sungai Lembing,Pahang
26200,Kuala Kenau,Sungai Lembing,Pahang
26200,Ladang Enam,Sungai Lembing,Pahang
26200,Paddock Creek,Sungai Lembing,Pahang
26200,Samaliang,Sungai Lembing,Pahang
26200,Seberang,Sungai Lembing,Pahang
26200,Sungai Arang,Sungai Lembing,Pahang
26200,Sungai Blat,Sungai Lembing,Pahang
26200,Sungai Lembing,Sungai Lembing,Pahang
26200,Sungai Rimau,Sungai Lembing,Pahang
26250,Kampung Sungai Pelandok,Kuantan,Pahang
26300,Arabian Bay Resort,Gambang,Pahang
26300,Bandar Gambang,Gambang,Pahang
26300,Eco Paradise Resort,Gambang,Pahang
26300,Jalan Bandar Gambang 24,Gambang,Pahang
26300,Jalan Bandar Gambang 25,Gambang,Pahang
26300,Jalan Besar Gambang,Gambang,Pahang
26300,Jalan Bukit Gambang Utama,Gambang,Pahang
26300,Jalan Gambang Makmur,Gambang,Pahang
26300,Perumahan Seri Fajar 1,Gambang,Pahang
26300,Pusat Komersial Bandar Gambang,Gambang,Pahang
26300,Sek 7 Bandar Gambang,Gambang,Pahang
26300,Sekolah Sukan Malaysia Pahang,Gambang,Pahang
26300,Sungai Panching Utara,Gambang,Pahang
26300,Taman Gambang Makmur,Gambang,Pahang
26310,Gambang,Gambang,Pahang
26310,Jalan Gambang Damai (1 - 2),Gambang,Pahang
26310,Jalan Gambang Damai,Gambang,Pahang
26310,Lorong Gambang Damai (1 - 20),Gambang,Pahang
26310,Perkampungan Gambang Damai,Gambang,Pahang
26320,Lepar Hilir,Gambang,Pahang
26330,Felda Lepar Hilir 2,Gambang,Pahang
26340,Felda Lepar Hilir 3,Gambang,Pahang
26350,Felda Lepar Hilir 4,Gambang,Pahang
26360,Felda Lepar Hilir 5,Gambang,Pahang
26370,Felda Lepar Hilir 6,Gambang,Pahang
26400,Bandar Pusat Jengka,Bandar Pusat Jengka,Pahang
26400,Felda Kesidang Jengka 8,Bandar Pusat Jengka,Pahang
26400,Felda Lepar Hilir 7,Bandar Pusat Jengka,Pahang
26400,Felda Mawar Jengka 10,Bandar Pusat Jengka,Pahang
26400,Felda Melati Jengka 11,Bandar Pusat Jengka,Pahang
26400,Felda Raya Jengka 14,Bandar Pusat Jengka,Pahang
26400,Felda Semarak Jengka 15,Bandar Pusat Jengka,Pahang
26400,Felda Sena Jengka 16,Bandar Pusat Jengka,Pahang
26400,Felda Seri Pagi Jengka 17,Bandar Pusat Jengka,Pahang
26400,Felda Seroja Jengka 18,Bandar Pusat Jengka,Pahang
26400,Felda Siantan Jengka 19,Bandar Pusat Jengka,Pahang
26400,Felda Tanjung Jengka 20,Bandar Pusat Jengka,Pahang
26400,Felda Teratai Jengka 21,Bandar Pusat Jengka,Pahang
26400,Jalan Besar (Matau),Bandar Pusat Jengka,Pahang
26400,Kampung Paya Pamun,Bandar Pusat Jengka,Pahang
26400,Kawasan Perindustrian,Bandar Pusat Jengka,Pahang
26400,Ladang Chenor,Bandar Pusat Jengka,Pahang
26400,Lintasan Semarak,Bandar Pusat Jengka,Pahang
26400,Nadi Kota (Bandar),Bandar Pusat Jengka,Pahang
26400,Perumahan Guru Jalan Ketengah,Bandar Pusat Jengka,Pahang
26400,PPTR Sungai Tekam,Bandar Pusat Jengka,Pahang
26400,Pusat Penyelidikan Sungai Tekam,Bandar Pusat Jengka,Pahang
26400,Rantau Perintis,Bandar Pusat Jengka,Pahang
26400,Sungai Tekam,Bandar Pusat Jengka,Pahang
26400,Taman Desa Jaya 1,Bandar Pusat Jengka,Pahang
26400,Taman Desa Jaya 2,Bandar Pusat Jengka,Pahang
26400,Taman Impian Jalan Kilang,Bandar Pusat Jengka,Pahang
26400,UITM Cawangan Pahang,Bandar Pusat Jengka,Pahang
26410,Felda Keembong Jengka 6,Bandar Pusat Jengka,Pahang
26420,Felda Kenanga Jengka 7,Bandar Pusat Jengka,Pahang
26420,Felda Melor Jengka 12,Bandar Pusat Jengka,Pahang
26430,Felda Anggerik Jengka 1,Bandar Pusat Jengka,Pahang
26430,Felda Chempaka Jengka 2,Bandar Pusat Jengka,Pahang
26430,Felda Lepar Utara 4 & 5,Bandar Pusat Jengka,Pahang
26430,Felda Puteri Malu Jengka 13,Bandar Pusat Jengka,Pahang
26430,Felda Ulu Jempol,Bandar Pusat Jengka,Pahang
26430,Kampung Sungai Jerik,Bandar Pusat Jengka,Pahang
26430,Sungai Jerik,Bandar Pusat Jengka,Pahang
26440,Felda Dahlia Jengka 3,Bandar Pusat Jengka,Pahang
26450,Felda Jengka 24,Bandar Pusat Jengka,Pahang
26450,Felda Terkis Jengka 22,Bandar Pusat Jengka,Pahang
26450,Felda Tongkin Jengka 23,Bandar Pusat Jengka,Pahang
26460,Felda Jengka 25,Bandar Pusat Jengka,Pahang
26460,Felda Lepar Utara 1 & 2,Bandar Pusat Jengka,Pahang
26485,Felda Lepar Utara 10 & 12,Bandar Pusat Jengka,Pahang
26485,Peti Surat 10,Bandar Pusat Jengka,Pahang
26485,Peti Surat 12,Bandar Pusat Jengka,Pahang
26485,Peti Surat 20,Bandar Pusat Jengka,Pahang
26485,Peti Surat 50,Bandar Pusat Jengka,Pahang
26485,Peti Surat 55,Bandar Pusat Jengka,Pahang
26485,Peti Surat 61,Bandar Pusat Jengka,Pahang
26485,Peti Surat 65,Bandar Pusat Jengka,Pahang
26485,Peti Surat 66,Bandar Pusat Jengka,Pahang
26485,Peti Surat 69,Bandar Pusat Jengka,Pahang
26485,Peti Surat 7,Bandar Pusat Jengka,Pahang
26490,Peti Surat 74,Bandar Pusat Jengka,Pahang
26500,Aur Gading,Maran,Pahang
26500,Belimbing,Maran,Pahang
26500,Bukit Tajau,Maran,Pahang
26500,Jengka 4,Maran,Pahang
26500,Jengka 5,Maran,Pahang
26500,Kampung Aur Gading,Maran,Pahang
26500,Kampung Bakapor,Maran,Pahang
26500,Kampung Baru Jara,Maran,Pahang
26500,Kampung Berkat,Maran,Pahang
26500,Kampung Gelugor,Maran,Pahang
26500,Kampung Kuala Sentul,Maran,Pahang
26500,Kampung Lembing,Maran,Pahang
26500,Kampung Lubok Paku,Maran,Pahang
26500,Kampung Megat,Maran,Pahang
26500,Kampung New Zealand,Maran,Pahang
26500,Kampung Paya Bungor,Maran,Pahang
26500,Kampung Paya Mengkuang,Maran,Pahang
26500,Kampung Paya Merbau,Maran,Pahang
26500,Kampung Paya Pasir,Maran,Pahang
26500,Kampung Paya Rambutan,Maran,Pahang
26500,Kampung Semangat,Maran,Pahang
26500,Kampung Senggora,Maran,Pahang
26500,Kampung Sentosa,Maran,Pahang
26500,Kampung Serangkam,Maran,Pahang
26500,Kampung Seri Jaya,Maran,Pahang
26500,Kampung Seri Makmur,Maran,Pahang
26500,Kampung Sungai Bekelah,Maran,Pahang
26500,Kampung Sungai Kertam,Maran,Pahang
26500,Kampung Sungai Lepar,Maran,Pahang
26500,Kampung Teras,Maran,Pahang
26500,Kampung Ulu Luit,Maran,Pahang
26500,Karung Berkunci,Maran,Pahang
26500,Lengkor,Maran,Pahang
26500,Maran,Maran,Pahang
26500,Paya Bungor,Maran,Pahang
26500,Paya Rambutan,Maran,Pahang
26500,Perumahan Guru Berkat,Maran,Pahang
26500,Perumahan Guru Sri Cendong,Maran,Pahang
26500,RKT Bukit Tajau,Maran,Pahang
26500,Seri Jaya,Maran,Pahang
26500,Seri Makmur,Maran,Pahang
26500,Simpang Chenor,Maran,Pahang
26500,Sungai Kertam,Maran,Pahang
26500,Taman Emas Sri Jaya,Maran,Pahang
26500,Taman Hock Chu Sri Jaya,Maran,Pahang
26500,Taman Maran Damai,Maran,Pahang
26500,Taman Maran Impian,Maran,Pahang
26500,Taman Maran Jaya,Maran,Pahang
26500,Taman Sri Desa,Maran,Pahang
26500,Taman Sri Jaya Indah,Maran,Pahang
26600,Bandar Baru Peramu,Pekan,Pahang
26600,Jalan Ahmad,Pekan,Pahang
26600,Jalan Engku Muda Mansor,Pekan,Pahang
26600,Jalan Haji Arshah,Pekan,Pahang
26600,Jalan Haji Mandak,Pekan,Pahang
26600,Jalan Halimi,Pekan,Pahang
26600,Jalan Istana Abu Bakar,Pekan,Pahang
26600,Jalan Istana Permai,Pekan,Pahang
26600,Jalan Jambatan Padang Tembak,Pekan,Pahang
26600,Jalan Mahmud,Pekan,Pahang
26600,Jalan Masjid Abdullah,Pekan,Pahang
26600,Jalan Padang Tembak,Pekan,Pahang
26600,Jalan Sultan Abu Bakar,Pekan,Pahang
26600,Jalan Teng Que,Pekan,Pahang
26600,Jalan Tengku Arif Bendahara,Pekan,Pahang
26600,Jalan Tengku Besar Sulaiman,Pekan,Pahang
26600,Jalan Tok Tuan,Pekan,Pahang
26600,Kampung Alor Ara,Pekan,Pahang
26600,Kampung Baru Permatang Pauh,Pekan,Pahang
26600,Kampung Baru Tanah Puteh,Pekan,Pahang
26600,Kampung Batu 1 (Pekan Kuantan),Pekan,Pahang
26600,Kampung Batu 9 (Pekan Nenasi),Pekan,Pahang
26600,Kampung Durian Sebatang,Pekan,Pahang
26600,Kampung Geylang,Pekan,Pahang
26600,Kampung Jalan Rompin Lama,Pekan,Pahang
26600,Kampung Kelat Rendang,Pekan,Pahang
26600,Kampung Ketapang Hilir,Pekan,Pahang
26600,Kampung Ketapang Tengah,Pekan,Pahang
26600,Kampung Kolam Puteri,Pekan,Pahang
26600,Kampung Lepar Baru Tanah Puteh,Pekan,Pahang
26600,Kampung Maulana,Pekan,Pahang
26600,Kampung Mengkasar,Pekan,Pahang
26600,Kampung Padang Buloh,Pekan,Pahang
26600,Kampung Padang Manggis,Pekan,Pahang
26600,Kampung Padang Polo,Pekan,Pahang
26600,Kampung Panchor,Pekan,Pahang
26600,Kampung Parit Tengah,Pekan,Pahang
26600,Kampung Pasir Panjang,Pekan,Pahang
26600,Kampung Pelangkah,Pekan,Pahang
26600,Kampung Penadah,Pekan,Pahang
26600,Kampung Peramu Jaya,Pekan,Pahang
26600,Kampung Peramu,Pekan,Pahang
26600,Kampung Permatang Berangan,Pekan,Pahang
26600,Kampung Permatang Kledang,Pekan,Pahang
26600,Kampung Permatang Lembing,Pekan,Pahang
26600,Kampung Permatang Pauh,Pekan,Pahang
26600,Kampung Permatang Perawan,Pekan,Pahang
26600,Kampung Pulau Engku Muda,Pekan,Pahang
26600,Kampung Pulau Injin,Pekan,Pahang
26600,Kampung Pulau Jawa,Pekan,Pahang
26600,Kampung Pulau Keladi,Pekan,Pahang
26600,Kampung Pulau Serai,Pekan,Pahang
26600,Kampung Pulau Tambun,Pekan,Pahang
26600,Kampung Sekor,Pekan,Pahang
26600,Kampung Sekukoh,Pekan,Pahang
26600,Kampung Semantan Ulu,Pekan,Pahang
26600,Kampung Sungai Kalong,Pekan,Pahang
26600,Kampung Sungai Mat Dulang,Pekan,Pahang
26600,Kampung Sungai Miang,Pekan,Pahang
26600,Kampung Tanah Puteh,Pekan,Pahang
26600,Kampung Tanjong Agas,Pekan,Pahang
26600,Kampung Tanjong Medang,Pekan,Pahang
26600,Kampung Tanjung Agas,Pekan,Pahang
26600,Ketapang Hilir,Pekan,Pahang
26600,Majlis Agama Islam Pahang,Pekan,Pahang
26600,Pasir Panjang,Pekan,Pahang
26600,Pekan Lama,Pekan,Pahang
26600,Pekan,Pekan,Pahang
26600,Peramu Jaya,Pekan,Pahang
26600,Peramu,Pekan,Pahang
26600,Permatang Pasir,Pekan,Pahang
26600,Perumahan Shahbandar,Pekan,Pahang
26600,Pulau Jawa,Pekan,Pahang
26600,Pulau Keladi,Pekan,Pahang
26600,Pulau Tambun,Pekan,Pahang
26600,Taman LKNP Peramu,Pekan,Pahang
26600,Taman Maulana,Pekan,Pahang
26600,Taman Mentiga Jaya,Pekan,Pahang
26600,Taman Perdana Jaya,Pekan,Pahang
26600,Taman Pertama,Pekan,Pahang
26600,Taman Seri Aman,Pekan,Pahang
26600,Taman Seri Maulana,Pekan,Pahang
26600,Taman Seri Pekan,Pekan,Pahang
26600,Tanah Puteh,Pekan,Pahang
26600,Tanjong Medang,Pekan,Pahang
26607,Peti Surat,Pekan,Pahang
26609,Beg Berkunci,Pekan,Pahang
26610,Kampung Baharu Ubai,Pekan,Pahang
26610,Kampung Cherok Paloh,Pekan,Pahang
26610,Kampung Hijrah,Pekan,Pahang
26610,Kampung Permatang Che Hamid,Pekan,Pahang
26610,Kampung Permatang Gelugor,Pekan,Pahang
26610,Kampung Permatang Merbau,Pekan,Pahang
26610,Kampung Permatang Setongkol,Pekan,Pahang
26610,Kampung Tebing Tinggi,Pekan,Pahang
26610,Kampung Ubai,Pekan,Pahang
26610,Merbau,Pekan,Pahang
26610,Permatang Merbau,Pekan,Pahang
26610,Permatang Redan,Pekan,Pahang
26610,Tebing Tinggi,Pekan,Pahang
26620,Kampung Benta,Pekan,Pahang
26620,Kampung Jambu Langgar,Pekan,Pahang
26620,Kampung Kerayong,Pekan,Pahang
26620,Kampung Lamir,Pekan,Pahang
26620,Kampung Langgar,Pekan,Pahang
26620,Kampung Pahang Tua,Pekan,Pahang
26620,Taman Seri Jambu,Pekan,Pahang
26620,Ubai Baru,Pekan,Pahang
26630,Kampung Ayer Lian,Pekan,Pahang
26630,Kampung Dato Keramat (Gancong),Pekan,Pahang
26630,Kampung Ganchong Tengah,Pekan,Pahang
26630,Kampung Ganchong Ulu,Pekan,Pahang
26630,Kampung Ganchong,Pekan,Pahang
26630,Kampung Gancong Tengah,Pekan,Pahang
26630,Kampung Kiambang Gancong,Pekan,Pahang
26630,Kampung Kiambang,Pekan,Pahang
26630,Kampung Permatang Sileh,Pekan,Pahang
26630,Kampung Pulau Rusa,Pekan,Pahang
26630,Kampung Sawah,Pekan,Pahang
26630,Kampung Tanjong Batu,Pekan,Pahang
26630,Kampung Tanjong Rengas,Pekan,Pahang
26630,Kampung Telok Hilir,Pekan,Pahang
26630,Kampung Telok,Pekan,Pahang
26630,Permatang Lanjut,Pekan,Pahang
26630,Pulau Manis,Pekan,Pahang
26630,Pulau Rusa,Pekan,Pahang
26630,Tanjong Batu Gancong,Pekan,Pahang
26640,Ganchong (Temai),Pekan,Pahang
26640,Kampung Acheh,Pekan,Pahang
26640,Kampung Jarau,Pekan,Pahang
26640,Kampung Padang Rumbia,Pekan,Pahang
26640,Kampung Permatang Siput,Pekan,Pahang
26640,Kampung Pulau Manis,Pekan,Pahang
26640,Kampung Pulau Rumput,Pekan,Pahang
26640,Kampung Riti,Pekan,Pahang
26640,Kampung Tanjong Penyengat,Pekan,Pahang
26640,Kampung Temai Hilir,Pekan,Pahang
26640,Kampung Temai Hulu,Pekan,Pahang
26640,Kampung Temai Tengah,Pekan,Pahang
26640,Kampung Temai,Pekan,Pahang
26640,Sungai Ganchong (Batu 10),Pekan,Pahang
26650,Ayer Hitam,Pekan,Pahang
26650,Batu Sawar,Pekan,Pahang
26650,Benut,Pekan,Pahang
26650,Kampung Batu Balik,Pekan,Pahang
26650,Kampung Bunut,Pekan,Pahang
26650,Kampung Kuala Lepar,Pekan,Pahang
26650,Kampung Mambang,Pekan,Pahang
26650,Kampung Melayu Sungai Duri,Pekan,Pahang
26650,Kampung Serambi,Pekan,Pahang
26650,Kampung Sungai Duri,Pekan,Pahang
26650,Kampung Tanjong Paloh Hinai,Pekan,Pahang
26650,Kampung Tebat,Pekan,Pahang
26650,Kampung Terlang,Pekan,Pahang
26650,Kuala Lepar,Pekan,Pahang
26650,Kuala Mentega,Pekan,Pahang
26650,Mencapu,Pekan,Pahang
26650,Paloh Hinai Bandar 2,Pekan,Pahang
26650,Paloh Hinai,Pekan,Pahang
26650,Pelak,Pekan,Pahang
26660,Kampung Air Leleh,Pekan,Pahang
26660,Kampung Baru Kuala Pahang,Pekan,Pahang
26660,Kampung Bentam,Pekan,Pahang
26660,Kampung Bentan,Pekan,Pahang
26660,Kampung Beruas Darat Sam,Pekan,Pahang
26660,Kampung Beruas,Pekan,Pahang
26660,Kampung Contoh Kuala Pahang,Pekan,Pahang
26660,Kampung Darat Serandu,Pekan,Pahang
26660,Kampung Jalan Tegak,Pekan,Pahang
26660,Kampung Makam,Pekan,Pahang
26660,Kampung Marhum,Pekan,Pahang
26660,Kampung Masjid,Pekan,Pahang
26660,Kampung Nyor Manis,Pekan,Pahang
26660,Kampung Pantai,Pekan,Pahang
26660,Kampung Permatang Nangka,Pekan,Pahang
26660,Kampung Serandu Pantai,Pekan,Pahang
26660,Kampung Serandu,Pekan,Pahang
26660,Kampung Siong,Pekan,Pahang
26660,Kampung Spook,Pekan,Pahang
26660,Kampung Tanjong Pulai,Pekan,Pahang
26660,Kampung Tanjong Selangor,Pekan,Pahang
26660,Kuala Pahang,Pekan,Pahang
26660,Permatang Arang,Pekan,Pahang
26660,Serambi,Pekan,Pahang
26660,Taman Perumahan Mawar,Pekan,Pahang
26660,Taman RRM (Kuala Pahang),Pekan,Pahang
26680,Kampung Badong,Pekan,Pahang
26680,Kampung Beluru,Pekan,Pahang
26680,Kampung Block,Pekan,Pahang
26680,Kampung Bok Udang,Pekan,Pahang
26680,Kampung Che Limah,Pekan,Pahang
26680,Kampung Jambu,Pekan,Pahang
26680,Kampung Kajang,Pekan,Pahang
26680,Kampung Melanda,Pekan,Pahang
26680,Kampung Merchong,Pekan,Pahang
26680,Kampung Nenasi,Pekan,Pahang
26680,Kampung Pa'at,Pekan,Pahang
26680,Kampung Palas,Pekan,Pahang
26680,Kampung Pandan,Pekan,Pahang
26680,Kampung Permatang Tengeling,Pekan,Pahang
26680,Kampung Riong,Pekan,Pahang
26680,Kampung Sepour,Pekan,Pahang
26680,Kampung Serun,Pekan,Pahang
26680,Kampung Singir,Pekan,Pahang
26680,Kampung Tanjong Nenasi,Pekan,Pahang
26680,Kampung Tanjung Batu Nenasi,Pekan,Pahang
26680,Kampung Tengah,Pekan,Pahang
26680,Kampung Tepong,Pekan,Pahang
26680,Kampung Teriang,Pekan,Pahang
26680,Kubang Sega,Pekan,Pahang
26680,Nenasi,Pekan,Pahang
26680,Permatang Kelempang,Pekan,Pahang
26680,Permatang Tebing Tinggi,Pekan,Pahang
26690,Bandar 1,Chini,Pahang
26690,Bandar Chini,Chini,Pahang
26690,Chini,Chini,Pahang
26690,"Felda Chini (2, 3, 5)",Chini,Pahang
26690,Felda Chini Timor (2 - 3),Chini,Pahang
26690,Tanjung Batu,Chini,Pahang
26700,Bandar 14 Kota Bahagia,Muadzam Shah,Pahang
26700,Bandar 19,Muadzam Shah,Pahang
26700,Bandar 22,Muadzam Shah,Pahang
26700,Bandar 8 (Kota Perdana),Muadzam Shah,Pahang
26700,Bandar Muadzam Shah,Muadzam Shah,Pahang
26700,Bukit Ibam,Muadzam Shah,Pahang
26700,Chenderawaseh,Muadzam Shah,Pahang
26700,Chini Timur,Muadzam Shah,Pahang
26700,Desa Anggerik,Muadzam Shah,Pahang
26700,Desa Bidara,Muadzam Shah,Pahang
26700,Desa Chempaka,Muadzam Shah,Pahang
26700,Desa Dahlia,Muadzam Shah,Pahang
26700,Desa Jati (1 - 2),Muadzam Shah,Pahang
26700,Desa Keranji,Muadzam Shah,Pahang
26700,Desa Mawar 2,Muadzam Shah,Pahang
26700,Desa Mawar,Muadzam Shah,Pahang
26700,Desa Melor,Muadzam Shah,Pahang
26700,Desa Tanjung,Muadzam Shah,Pahang
26700,Desa Teratai,Muadzam Shah,Pahang
26700,Felda Selancar 1 - 5,Muadzam Shah,Pahang
26700,Kampung Alai,Muadzam Shah,Pahang
26700,Kampung Aur,Muadzam Shah,Pahang
26700,Kampung Bukit Serok,Muadzam Shah,Pahang
26700,Kampung Lubok Batu,Muadzam Shah,Pahang
26700,Kampung Meripoh,Muadzam Shah,Pahang
26700,Kawasan Industri BMS,Muadzam Shah,Pahang
26700,Kawasan Kilang Bukit Ibam,Muadzam Shah,Pahang
26700,Kota Perdana,Muadzam Shah,Pahang
26700,Muadzam Shah,Muadzam Shah,Pahang
26700,Pinggir Gelanggi,Muadzam Shah,Pahang
26700,Sekolah Kebangsaan Muadzam Jaya,Muadzam Shah,Pahang
26700,Sekolah Kebangsaan Muadzam Shah,Muadzam Shah,Pahang
26700,Sekolah Menengah Muadzam Jaya,Muadzam Shah,Pahang
26700,Sekolah Menengah Muadzam Shah,Muadzam Shah,Pahang
26700,Selancar Dua,Muadzam Shah,Pahang
26700,Taman Uniten,Muadzam Shah,Pahang
26800,Bandar Baru,Kuala Rompin,Pahang
26800,Kampung Bahagia,Kuala Rompin,Pahang
26800,Kampung Pantai Bruas,Kuala Rompin,Pahang
26800,Kampung Pantai Hiburan,Kuala Rompin,Pahang
26800,Kampung Pantai,Kuala Rompin,Pahang
26800,Kampung Parit Raja,Kuala Rompin,Pahang
26800,Kampung Parit,Kuala Rompin,Pahang
26800,Kampung Pulau Lang,Kuala Rompin,Pahang
26800,Kampung Sempayang,Kuala Rompin,Pahang
26800,Kampung Sepakat,Kuala Rompin,Pahang
26800,Kampung Sungai Putri,Kuala Rompin,Pahang
26800,Kampung Tanjong Tengku,Kuala Rompin,Pahang
26800,Kampung Tengah,Kuala Rompin,Pahang
26800,Kuala Pontian,Kuala Rompin,Pahang
26800,Kuala Rompin,Kuala Rompin,Pahang
26800,Pulau Lang Kanan,Kuala Rompin,Pahang
26800,Pulau Lang Kiri,Kuala Rompin,Pahang
26810,Kampung Api Larat,Kuala Rompin,Pahang
26810,Kampung Ayau,Kuala Rompin,Pahang
26810,Kampung Bangkang,Kuala Rompin,Pahang
26810,Kampung Bukit Payong,Kuala Rompin,Pahang
26810,Kampung Feri Sabak,Kuala Rompin,Pahang
26810,Kampung Feri,Kuala Rompin,Pahang
26810,Kampung Gading,Kuala Rompin,Pahang
26810,Kampung Lanjut,Kuala Rompin,Pahang
26810,Kampung Leban Chondong,Kuala Rompin,Pahang
26810,Kampung Pantai Bernas,Kuala Rompin,Pahang
26810,Kampung Rantau Panjang,Kuala Rompin,Pahang
26810,Simpang Sepayang,Kuala Rompin,Pahang
26820,Kampung Batu 7 (Tanjung Gemok),Kuala Rompin,Pahang
26820,Kampung Janglau,Kuala Rompin,Pahang
26820,Kampung Jawa,Kuala Rompin,Pahang
26820,Kampung Kasing,Kuala Rompin,Pahang
26820,Kampung Lantang,Kuala Rompin,Pahang
26820,Kampung Lubok Gumbang,Kuala Rompin,Pahang
26820,Kampung Menchali,Kuala Rompin,Pahang
26820,Kampung Mentara,Kuala Rompin,Pahang
26820,Kampung Orang Asli,Kuala Rompin,Pahang
26820,Kampung Permatang Gorek,Kuala Rompin,Pahang
26820,Kampung Pianggu,Kuala Rompin,Pahang
26820,Kampung Sarang Tiong,Kuala Rompin,Pahang
26820,Kampung Serinkin,Kuala Rompin,Pahang
26820,Kampung Setajam,Kuala Rompin,Pahang
26820,Kampung Setambang,Kuala Rompin,Pahang
26820,Kampung Tambang,Kuala Rompin,Pahang
26820,Kampung Tanjong Gemok,Kuala Rompin,Pahang
26820,Kampung Tanjong Pahang,Kuala Rompin,Pahang
26820,Kampung Tanjong Putus,Kuala Rompin,Pahang
26820,Kampung Tengah (Tanjung Gemok),Kuala Rompin,Pahang
26820,Leban Chondong,Kuala Rompin,Pahang
26820,Selanchar Darat,Kuala Rompin,Pahang
26820,Selanchar Laut,Kuala Rompin,Pahang
26820,Tanjung Gemok,Kuala Rompin,Pahang
26900,Bandar 14 (Kota Bahagia),Bandar Tun Abdul Razak,Pahang
26900,Bandar Tun Abdul Razak,Bandar Tun Abdul Razak,Pahang
26900,Kampung Alai,Bandar Tun Abdul Razak,Pahang
26900,Kampung Bukit Serok,Bandar Tun Abdul Razak,Pahang
26900,Kampung Lubok Batu,Bandar Tun Abdul Razak,Pahang
26900,Kampung Maripoh,Bandar Tun Abdul Razak,Pahang
27000,Bersungai Tembeling,Jerantut,Pahang
27000,Jalan Bandar Baru 12,Jerantut,Pahang
27000,Jalan Sejahtera,Jerantut,Pahang
27000,Jalan Teratai 2,Jerantut,Pahang
27000,Jerantut,Jerantut,Pahang
27000,Kampung Batu Embun,Jerantut,Pahang
27000,Kampung Batu Kawah,Jerantut,Pahang
27000,Kampung Besol,Jerantut,Pahang
27000,Kampung Binjai,Jerantut,Pahang
27000,Kampung Bukit Dinding,Jerantut,Pahang
27000,Kampung Bukit Genting,Jerantut,Pahang
27000,Kampung Bukit Ketupat,Jerantut,Pahang
27000,Kampung Bukit Puas,Jerantut,Pahang
27000,Kampung Buntut Pulau,Jerantut,Pahang
27000,Kampung Gintong,Jerantut,Pahang
27000,Kampung Jerangsang,Jerantut,Pahang
27000,Kampung Jerangsong,Jerantut,Pahang
27000,Kampung Kota Gelanggi (1 & 2),Jerantut,Pahang
27000,Kampung Kuala Tahan,Jerantut,Pahang
27000,Kampung Lata Kasah,Jerantut,Pahang
27000,Kampung Mat Kilau,Jerantut,Pahang
27000,Kampung Muhibbah,Jerantut,Pahang
27000,Kampung Padang Piol,Jerantut,Pahang
27000,Kampung Pamah Kuning,Jerantut,Pahang
27000,Kampung Paya Garok,Jerantut,Pahang
27000,Kampung Paya The,Jerantut,Pahang
27000,Kampung Simpang Tebing Tinggi,Jerantut,Pahang
27000,Kampung Sokti,Jerantut,Pahang
27000,Kampung Sri Kool,Jerantut,Pahang
27000,Kampung Sri Muda,Jerantut,Pahang
27000,Kampung Sungai Badak,Jerantut,Pahang
27000,Kampung Sungai Lekok,Jerantut,Pahang
27000,Kampung Sungai Par Jerantut,Jerantut,Pahang
27000,Kampung Tanjong Benta,Jerantut,Pahang
27000,Kampung Tebing Tinggi,Jerantut,Pahang
27000,Kampung Temin Hilir,Jerantut,Pahang
27000,Kampung Temin Ulu,Jerantut,Pahang
27000,Kawasan Industri Ringan Chuan Huat 2,Jerantut,Pahang
27000,Keratong (1 - 10),Jerantut,Pahang
27000,Jalan Temerloh (2 KM),Jerantut,Pahang
27000,Kota Gelanggi 1 - 2,Jerantut,Pahang
27000,Kuala Tahan,Jerantut,Pahang
27000,Lorong Damai 6/3,Jerantut,Pahang
27000,Lorong Embun Jaya 2,Jerantut,Pahang
27000,Lorong SI 2,Jerantut,Pahang
27000,Lorong Taman WJ,Jerantut,Pahang
27000,Lorong Wawasan 1/1,Jerantut,Pahang
27000,Mukim Pedah,Jerantut,Pahang
27000,Perumahan Kos Rendah Kampung Jaya Jerantut,Jerantut,Pahang
27000,Pusat Perniagaan Persona,Jerantut,Pahang
27000,RRM Bandar Baru,Jerantut,Pahang
27000,Sungai Jan,Jerantut,Pahang
27000,Taman Alam Pedah,Jerantut,Pahang
27000,Taman Alamanda,Jerantut,Pahang
27000,Taman Angsana Height,Jerantut,Pahang
27000,Taman Angsana,Jerantut,Pahang
27000,Taman Berlian,Jerantut,Pahang
27000,Taman Bukit Ketupat,Jerantut,Pahang
27000,Taman Bukit Pedah,Jerantut,Pahang
27000,Taman Bukit Permai,Jerantut,Pahang
27000,Taman Cempaka,Jerantut,Pahang
27000,Taman Damai Fasa 3,Jerantut,Pahang
27000,Taman Damai,Jerantut,Pahang
27000,Taman Desa Gemilang,Jerantut,Pahang
27000,Taman Desa Indah,Jerantut,Pahang
27000,Taman Desa Jaya,Jerantut,Pahang
27000,Taman Desa Wawasan,Jerantut,Pahang
27000,Taman Embun Jaya,Jerantut,Pahang
27000,Taman Gemilang,Jerantut,Pahang
27000,Taman Impian,Jerantut,Pahang
27000,Taman Inderapura,Jerantut,Pahang
27000,Taman Jaya,Jerantut,Pahang
27000,Taman Jerantut,Jerantut,Pahang
27000,Taman Kelisa,Jerantut,Pahang
27000,Taman Koperasi,Jerantut,Pahang
27000,Taman LKNP 1 - 4,Jerantut,Pahang
27000,Taman Mat Kilau,Jerantut,Pahang
27000,Taman Mawar Murni,Jerantut,Pahang
27000,Taman Mawar,Jerantut,Pahang
27000,Taman Muhibbah,Jerantut,Pahang
27000,Taman Mutiara,Jerantut,Pahang
27000,Taman Pedah Jaya,Jerantut,Pahang
27000,Taman Pelangi,Jerantut,Pahang
27000,Taman Perdana 2,Jerantut,Pahang
27000,Taman Perdana,Jerantut,Pahang
27000,Taman Pine,Jerantut,Pahang
27000,Taman Raya Wira,Jerantut,Pahang
27000,Taman Raya,Jerantut,Pahang
27000,Taman Ria,Jerantut,Pahang
27000,Taman Ruby,Jerantut,Pahang
27000,Taman Saujana Idaman,Jerantut,Pahang
27000,Taman Saujana Utama,Jerantut,Pahang
27000,Taman Sejahtera,Jerantut,Pahang
27000,Taman Sentosa,Jerantut,Pahang
27000,Taman Sri Embun,Jerantut,Pahang
27000,Taman Sri Makmur,Jerantut,Pahang
27000,Taman Sri Tahan,Jerantut,Pahang
27000,Taman Teratai 2,Jerantut,Pahang
27000,Taman Teratai 3,Jerantut,Pahang
27000,Taman Teratai,Jerantut,Pahang
27000,Taman Tiow Soon,Jerantut,Pahang
27000,Taman Villa Mutiara,Jerantut,Pahang
27000,Taman Woodland Jaya,Jerantut,Pahang
27000,Ulu Tembeling Damak,Jerantut,Pahang
27000,Ulu Tembeling,Jerantut,Pahang
27010,Kampung Cheka,Jerantut,Pahang
27010,Kampung Gading,Jerantut,Pahang
27010,Kampung Gemunchor,Jerantut,Pahang
27010,Kampung Jani,Jerantut,Pahang
27010,Kampung Limau Purut,Jerantut,Pahang
27010,Kampung Redan,Jerantut,Pahang
27010,Kampung Sarak,Jerantut,Pahang
27010,Kampung Selang Datok,Jerantut,Pahang
27010,Kampung Serdang,Jerantut,Pahang
27010,Kampung Serunai,Jerantut,Pahang
27010,Mela Jerantut,Jerantut,Pahang
27020,Kampung Kuala Retang,Jerantut,Pahang
27020,Kampung Lahang,Jerantut,Pahang
27020,Kampung Lalang,Jerantut,Pahang
27020,Kampung Pamah Limau,Jerantut,Pahang
27020,Kampung Sepail,Jerantut,Pahang
27020,Kampung Sungai Yap,Jerantut,Pahang
27020,Kampung Talus,Jerantut,Pahang
27020,Kampung Tanjung Bungor,Jerantut,Pahang
27020,Kuala Tembeling,Jerantut,Pahang
27030,Batu Balai,Damak,Pahang
27030,Bukit Chermin,Damak,Pahang
27030,Damak,Damak,Pahang
27030,Jalan Masjid Jamek,Damak,Pahang
27030,Kampung Anak Gajah,Damak,Pahang
27030,Kampung Balang,Damak,Pahang
27030,Kampung Batu 35,Damak,Pahang
27030,Kampung Batu 40,Damak,Pahang
27030,Kampung Batu Balai Jambatan,Damak,Pahang
27030,Kampung Batu Balai,Damak,Pahang
27030,Kampung Bau,Damak,Pahang
27030,Kampung Berau,Damak,Pahang
27030,Kampung Berlukar,Damak,Pahang
27030,Kampung Bukit Baru,Damak,Pahang
27030,Kampung Bukit Batu,Damak,Pahang
27030,Kampung Bukit Kor,Damak,Pahang
27030,Kampung Cengkuak,Damak,Pahang
27030,Kampung Chap,Damak,Pahang
27030,Kampung Damak,Damak,Pahang
27030,Kampung Jaya Putra,Damak,Pahang
27030,Kampung Jelai,Damak,Pahang
27030,Kampung Jeneris,Damak,Pahang
27030,Kampung Jinggu,Damak,Pahang
27030,Kampung Kaki Bukit,Damak,Pahang
27030,Kampung Koi,Damak,Pahang
27030,Kampung Konggo,Damak,Pahang
27030,Kampung Peka Sari Ulu Chek,Damak,Pahang
27030,Kampung Perlok,Damak,Pahang
27030,Kampung Sempadan,Damak,Pahang
27030,Kampung Som,Damak,Pahang
27030,Kampung Sungai Balang,Damak,Pahang
27030,Kampung Sungai Berjuang,Damak,Pahang
27030,Kampung Tanjung Puteri,Damak,Pahang
27030,Kampung Tengah,Damak,Pahang
27030,Kampung Tepam,Damak,Pahang
27030,Kampung Terlang,Damak,Pahang
27030,Kampung Ulu Cheka,Damak,Pahang
27030,Kawasan Pejabat,Damak,Pahang
27030,Kuala Kenang,Damak,Pahang
27030,Ladang Kingsmeat,Damak,Pahang
27030,Rps Batu Balai,Damak,Pahang
27030,Taman Damak,Damak,Pahang
27030,Taman Sri Damak,Damak,Pahang
27030,Ulu Cheka Damak,Damak,Pahang
27040,Felda Sungai Retang,Jerantut,Pahang
27040,Kampung Gajah Mati,Jerantut,Pahang
27040,Kampung Hulu Retang,Jerantut,Pahang
27040,Kampung Pasir Durian,Jerantut,Pahang
27040,Kampung Sungai Putat,Jerantut,Pahang
27040,Kampung Tanjung Betong,Jerantut,Pahang
27040,Padang Piol,Jerantut,Pahang
27040,Perumahan Generasi Baru Felda Padang Piol,Jerantut,Pahang
27050,Bukit Rang,Jerantut,Pahang
27050,Burau,Jerantut,Pahang
27050,Kampung Bandar,Jerantut,Pahang
27050,Kampung Kedondong,Jerantut,Pahang
27050,Kampung Kerayong,Jerantut,Pahang
27050,Kampung Kubang Sekandal,Jerantut,Pahang
27050,Kampung Masjid,Jerantut,Pahang
27050,Kampung Pamah Keruing,Jerantut,Pahang
27050,Kampung Perian,Jerantut,Pahang
27050,Pulau Tawar,Jerantut,Pahang
27050,Sungai Retang,Jerantut,Pahang
27060,Sungai Tekam Utara,Jerantut,Pahang
27070,Felda Sungai Tekam,Jerantut,Pahang
27070,Sungai Kepong,Jerantut,Pahang
27070,Sungai Tekam Jerantut,Jerantut,Pahang
27070,Taman Gelanggi Perdana,Jerantut,Pahang
27090,Kampung Batu Leja,Jerantut,Pahang
27090,Kampung Benta,Jerantut,Pahang
27090,Kampung Bukit Nikmat,Jerantut,Pahang
27090,Kampung Burau,Jerantut,Pahang
27090,Kampung Durian Hijau,Jerantut,Pahang
27090,Kampung Kelola,Jerantut,Pahang
27090,Kampung Kepala Pulau,Jerantut,Pahang
27090,Kampung Padang Sengkelau,Jerantut,Pahang
27090,Kampung Tanjong Antam,Jerantut,Pahang
27090,Kampung Tanjong Belanja,Jerantut,Pahang
27100,Batu 16 Jalan Pagar Sasak,Padang Tengku,Pahang
27100,Felda Chegar Perah (1 - 4),Padang Tengku,Pahang
27100,Felda Kechau (1 - 7),Padang Tengku,Pahang
27100,Kampung Balik Gua,Padang Tengku,Pahang
27100,Kampung Baru,Padang Tengku,Pahang
27100,Kampung Batu Burong,Padang Tengku,Pahang
27100,Kampung Batu Nering,Padang Tengku,Pahang
27100,Kampung Beralas,Padang Tengku,Pahang
27100,Kampung Berchang,Padang Tengku,Pahang
27100,Kampung Bukit,Padang Tengku,Pahang
27100,Kampung Daling Hilir/Hulu,Padang Tengku,Pahang
27100,Kampung Dusun,Padang Tengku,Pahang
27100,Kampung Gelanggang,Padang Tengku,Pahang
27100,Kampung Gua,Padang Tengku,Pahang
27100,Kampung Kebal,Padang Tengku,Pahang
27100,Kampung Kechor Tui,Padang Tengku,Pahang
27100,Kampung Keramat,Padang Tengku,Pahang
27100,Kampung Kuala Bedong,Padang Tengku,Pahang
27100,Kampung Kuala Tebang,Padang Tengku,Pahang
27100,Kampung Melaka,Padang Tengku,Pahang
27100,Kampung Padang Lebak,Padang Tengku,Pahang
27100,Kampung Pagar Sasak,Padang Tengku,Pahang
27100,Kampung Pamah Jijak,Padang Tengku,Pahang
27100,Kampung Pasir Sia,Padang Tengku,Pahang
27100,Kampung Perlak,Padang Tengku,Pahang
27100,Kampung Petola,Padang Tengku,Pahang
27100,Kampung Rimau,Padang Tengku,Pahang
27100,Kampung Seberang Jelai,Padang Tengku,Pahang
27100,Kampung Selindang,Padang Tengku,Pahang
27100,Kampung Sentang,Padang Tengku,Pahang
27100,Kampung Sungai Mun,Padang Tengku,Pahang
27100,Kampung Teha,Padang Tengku,Pahang
27100,Kampung Telemin,Padang Tengku,Pahang
27100,Kampung Tenggok,Padang Tengku,Pahang
27100,Ladang Dura,Padang Tengku,Pahang
27100,Ladang Selborne,Padang Tengku,Pahang
27100,LKTP Kecau 1,Padang Tengku,Pahang
27100,Lubok Kulit,Padang Tengku,Pahang
27100,Padang Tengku,Padang Tengku,Pahang
27100,Sungai Selancar,Padang Tengku,Pahang
27150,Kampung Jerantut Feri,Jerantut,Pahang
27150,Kampung Kelonding,Jerantut,Pahang
27150,Kampung Kolam,Jerantut,Pahang
27150,Kampung Lada,Jerantut,Pahang
27150,Kampung Pamah Dusun,Jerantut,Pahang
27150,Kampung Paya Gunong,Jerantut,Pahang
27150,Kampung Pedah,Jerantut,Pahang
27150,Kampung Sentosa,Jerantut,Pahang
27150,Kampung Tanah Nyior,Jerantut,Pahang
27150,Taman Sri Pedah,Jerantut,Pahang
27200,Batu Sepuloh,Kuala Lipis,Pahang
27200,Bukit Betong,Kuala Lipis,Pahang
27200,Desa Aman,Kuala Lipis,Pahang
27200,Desa Jeram Batu,Kuala Lipis,Pahang
27200,Desa Kenari,Kuala Lipis,Pahang
27200,Kampung Banja,Kuala Lipis,Pahang
27200,Kampung Bapong,Kuala Lipis,Pahang
27200,Kampung Baru Cina Penjom,Kuala Lipis,Pahang
27200,Kampung Batu 3,Kuala Lipis,Pahang
27200,Kampung Batu Kurap,Kuala Lipis,Pahang
27200,Kampung Berang,Kuala Lipis,Pahang
27200,Kampung Berembang,Kuala Lipis,Pahang
27200,Kampung Binjai,Kuala Lipis,Pahang
27200,Kampung Bukit Betong,Kuala Lipis,Pahang
27200,Kampung Bukit Damar,Kuala Lipis,Pahang
27200,Kampung Bukit Tualang,Kuala Lipis,Pahang
27200,Kampung Dala,Kuala Lipis,Pahang
27200,Kampung Genting,Kuala Lipis,Pahang
27200,Kampung Jeram Bongor,Kuala Lipis,Pahang
27200,Kampung Jeram Landak,Kuala Lipis,Pahang
27200,Kampung Kechau,Kuala Lipis,Pahang
27200,Kampung Keledek,Kuala Lipis,Pahang
27200,Kampung Kuala Kechau,Kuala Lipis,Pahang
27200,Kampung Lalang,Kuala Lipis,Pahang
27200,Kampung Lanar,Kuala Lipis,Pahang
27200,Kampung Lubok Kulit,Kuala Lipis,Pahang
27200,Kampung Pagar,Kuala Lipis,Pahang
27200,Kampung Relong,Kuala Lipis,Pahang
27200,Kampung Rengai,Kuala Lipis,Pahang
27200,Kampung Rusa,Kuala Lipis,Pahang
27200,Kampung Salang,Kuala Lipis,Pahang
27200,Kampung Sentang,Kuala Lipis,Pahang
27200,Kampung Sibar,Kuala Lipis,Pahang
27200,Kampung Sungkai,Kuala Lipis,Pahang
27200,Kampung Tanah Rom,Kuala Lipis,Pahang
27200,Kampung Tanjong Lipis,Kuala Lipis,Pahang
27200,Kampung Tanjong Rambai,Kuala Lipis,Pahang
27200,Kampung Temperah,Kuala Lipis,Pahang
27200,Kampung Tempoyang,Kuala Lipis,Pahang
27200,Kampung Ulu Teris,Kuala Lipis,Pahang
27200,Kem Bina Negara,Kuala Lipis,Pahang
27200,Kerambit,Kuala Lipis,Pahang
27200,Krambit,Kuala Lipis,Pahang
27200,Kuala Lipis,Kuala Lipis,Pahang
27200,MRSM Kuala Lipis,Kuala Lipis,Pahang
27200,Penjom,Kuala Lipis,Pahang
27200,RTP Sungai Ular,Kuala Lipis,Pahang
27200,Rumah Kilat,Kuala Lipis,Pahang
27200,Rumah Murah Sungai Kerpan,Kuala Lipis,Pahang
27200,Rumah Murah,Kuala Lipis,Pahang
27200,Sekolah Kebangsaan Sri Lipis,Kuala Lipis,Pahang
27200,Sekolah Menegah Kuala Lanar,Kuala Lipis,Pahang
27200,Sekolah Menegah Sri Lipis,Kuala Lipis,Pahang
27200,Taman Cahaya,Kuala Lipis,Pahang
27200,Taman Damai,Kuala Lipis,Pahang
27200,Taman Desa Chuan,Kuala Lipis,Pahang
27200,Taman Jelai,Kuala Lipis,Pahang
27200,Taman KSM,Kuala Lipis,Pahang
27200,Taman Lipis,Kuala Lipis,Pahang
27200,Taman LKNP,Kuala Lipis,Pahang
27200,Taman Muhibbah,Kuala Lipis,Pahang
27200,Taman Penjom Jaya,Kuala Lipis,Pahang
27200,Taman Permai Sejahtera,Kuala Lipis,Pahang
27200,Taman Permai,Kuala Lipis,Pahang
27200,Taman Pertama,Kuala Lipis,Pahang
27200,Taman Setia Jaya,Kuala Lipis,Pahang
27200,Taman SPPK,Kuala Lipis,Pahang
27200,Taman Sri Tempoyang,Kuala Lipis,Pahang
27200,Tanjung Jati,Kuala Lipis,Pahang
27207,Peti Surat,Kuala Lipis,Pahang
27209,Beg Berkunci,Kuala Lipis,Pahang
27210,Kampung Gua Kalong,Kuala Lipis,Pahang
27210,Kampung Gua Layang,Kuala Lipis,Pahang
27210,Kampung Kuala Salak,Kuala Lipis,Pahang
27210,Kampung Kumbang Hilir,Kuala Lipis,Pahang
27210,Kampung Kumbang Hulu,Kuala Lipis,Pahang
27210,Kampung Kumbang Tengah,Kuala Lipis,Pahang
27210,Kampung Merapoh,Kuala Lipis,Pahang
27210,Kampung Merhamah,Kuala Lipis,Pahang
27210,Kampung Persit,Kuala Lipis,Pahang
27210,Kampung Tanggang,Kuala Lipis,Pahang
27300,Benta,Benta,Pahang
27300,JPJ Batu 11 Jalan Kuala Lipis,Benta,Pahang
27300,Kampung Atong,Benta,Pahang
27300,Kampung Batu Buaya,Benta,Pahang
27300,Kampung Kadok,Benta,Pahang
27300,Kampung Kemahang,Benta,Pahang
27300,Kampung Melayu,Benta,Pahang
27300,Kampung Peruang,Benta,Pahang
27300,Kampung Sama,Benta,Pahang
27300,Kampung Tanjong Besar,Benta,Pahang
27300,Kampung Terap,Benta,Pahang
27300,Ladang Benta,Benta,Pahang
27300,Ladang Budu,Benta,Pahang
27300,Perhentian Benta,Benta,Pahang
27300,Persit,Benta,Pahang
27300,Taman Dato Lam Kam Sang,Benta,Pahang
27300,Taman Teratai,Benta,Pahang
27300,Ulu Nabun,Benta,Pahang
27310,Batu 22 Kemahang,Benta,Pahang
27310,Jeransang,Benta,Pahang
27310,Kampung Badong,Benta,Pahang
27310,Kampung Baru,Benta,Pahang
27310,Kampung Batu 30,Benta,Pahang
27310,Kampung Batu 31,Benta,Pahang
27310,Kampung Belimbing,Benta,Pahang
27310,Kampung Beluan,Benta,Pahang
27310,Kampung Bsol,Benta,Pahang
27310,Kampung Budu,Benta,Pahang
27310,Kampung Bukit Belau,Benta,Pahang
27310,Kampung Bukit Kolam,Benta,Pahang
27310,Kampung Bukit Machang,Benta,Pahang
27310,Kampung Bukit Perangkap,Benta,Pahang
27310,Kampung Bukit Tuba,Benta,Pahang
27310,Kampung Chat Bawah,Benta,Pahang
27310,Kampung Chat,Benta,Pahang
27310,Kampung Cherang,Benta,Pahang
27310,Kampung Durian Rendang,Benta,Pahang
27310,Kampung Empau,Benta,Pahang
27310,Kampung Gong,Benta,Pahang
27310,Kampung Jemeru,Benta,Pahang
27310,Kampung Jerangsang Hilir,Benta,Pahang
27310,Kampung Jerangsang Hulu,Benta,Pahang
27310,Kampung Jerangsang,Benta,Pahang
27310,Kampung Jerning,Benta,Pahang
27310,Kampung Kemahang Hilir,Benta,Pahang
27310,Kampung Kemensar,Benta,Pahang
27310,Kampung Lechir,Benta,Pahang
27310,Kampung Lechor,Benta,Pahang
27310,Kampung Lonjong,Benta,Pahang
27310,Kampung Lubuk Gayung,Benta,Pahang
27310,Kampung Masjid,Benta,Pahang
27310,Kampung Napal,Benta,Pahang
27310,Kampung Pekan Sahari,Benta,Pahang
27310,Kampung Perlong,Benta,Pahang
27310,Kampung Peruang Lama,Benta,Pahang
27310,Kampung Pjoh,Benta,Pahang
27310,Kampung Puchuk,Benta,Pahang
27310,Kampung Pulau Kabong,Benta,Pahang
27310,Kampung Rachap,Benta,Pahang
27310,Kampung Rengai Tanjung Besar,Benta,Pahang
27310,Kampung Seberang Paya,Benta,Pahang
27310,Kampung Seberang Teka,Benta,Pahang
27310,Kampung Sungai Damak,Benta,Pahang
27310,Kampung Tampin Chat,Benta,Pahang
27310,Kampung Tampin Tanjung Besar,Benta,Pahang
27310,Kampung Tanjong Lalang,Benta,Pahang
27310,Kampung Tekeong,Benta,Pahang
27310,Kampung Terap Budu,Benta,Pahang
27310,Kampung Tua Batu 21,Benta,Pahang
27310,Kampung Tulang Padang,Benta,Pahang
27310,Kampung Terap (43 KM),Benta,Pahang
27310,Mini Estate Kampung Terap,Benta,Pahang
27310,PPMS Peruang,Benta,Pahang
27310,PPRT Peruang,Benta,Pahang
27310,RPS Peruang,Benta,Pahang
27310,Taman Benta Jaya,Benta,Pahang
27400,Bukit Kemuning Dong,Dong,Pahang
27400,Dong Jaya,Dong,Pahang
27400,Dong,Dong,Pahang
27400,Kampung Ajai Baru,Dong,Pahang
27400,Kampung Ajai,Dong,Pahang
27400,Kampung Bedu,Dong,Pahang
27400,Kampung Bukit Kemuning,Dong,Pahang
27400,Kampung Bukit Pampon,Dong,Pahang
27400,Kampung Chendera,Dong,Pahang
27400,Kampung Chincin,Dong,Pahang
27400,Kampung Durian Sebatang,Dong,Pahang
27400,Kampung Gali Hilir,Dong,Pahang
27400,Kampung Gali Tengah,Dong,Pahang
27400,Kampung Gali,Dong,Pahang
27400,Kampung Gersing,Dong,Pahang
27400,Kampung Jalan Jelu,Dong,Pahang
27400,Kampung Jelu,Dong,Pahang
27400,Kampung Kuala Dong,Dong,Pahang
27400,Kampung Kuala Gali,Dong,Pahang
27400,Kampung Kuala Jelu,Dong,Pahang
27400,Kampung Kuala Keloi,Dong,Pahang
27400,Kampung Lechar,Dong,Pahang
27400,Kampung Lepar,Dong,Pahang
27400,Kampung Padang Pree,Dong,Pahang
27400,Kampung Pamah Kulat,Dong,Pahang
27400,Kampung Pamah Rawas,Dong,Pahang
27400,Kampung Panchur,Dong,Pahang
27400,Kampung Pasir Bayam,Dong,Pahang
27400,Kampung Peruas,Dong,Pahang
27400,Kampung Sengkala,Dong,Pahang
27400,Kampung Sol,Dong,Pahang
27400,Kampung Sungai Jahit,Dong,Pahang
27400,Kampung Sungai Lar,Dong,Pahang
27400,Kampung Sungai Pasu,Dong,Pahang
27400,Kampung Tamaliang,Dong,Pahang
27400,Kampung Tanah Bercangkul,Dong,Pahang
27400,Kampung Tanjong Manggis,Dong,Pahang
27400,Kampung Tanjong Raja,Dong,Pahang
27400,Kampung Tanjung Putus,Dong,Pahang
27400,Kampung Temau Ulu,Dong,Pahang
27400,Kampung Temau,Dong,Pahang
27400,Kampung Ulu Jelu,Dong,Pahang
27400,Pekan Dong,Dong,Pahang
27400,Rumah Murah Dong Jaya,Dong,Pahang
27400,Rumah Murah Dong,Dong,Pahang
27400,Tanjung Besar,Dong,Pahang
27400,Ulu Dong,Dong,Pahang
27500,Sungai Ruan,Raub,Pahang
27600,Bandar Tras,Raub,Pahang
27600,Felda Krau 1,Raub,Pahang
27600,Happy Valley,Raub,Pahang
27600,Kampung Bacap,Raub,Pahang
27600,Kampung Baharu,Raub,Pahang
27600,Kampung Baru Bukit Koman,Raub,Pahang
27600,Kampung Baru Sempalit,Raub,Pahang
27600,Kampung Baru Tras,Raub,Pahang
27600,Kampung Batu Talam,Raub,Pahang
27600,Kampung Benggali,Raub,Pahang
27600,Kampung Bukit Koman,Raub,Pahang
27600,Kampung Hajjah Esah,Raub,Pahang
27600,Kampung KC,Raub,Pahang
27600,Kampung Kelek,Raub,Pahang
27600,Kampung Lanar,Raub,Pahang
27600,Kampung Lenggeng,Raub,Pahang
27600,Kampung Melayu Sempalit,Raub,Pahang
27600,Kampung Pecah Batu,Raub,Pahang
27600,Kampung Pintu Padang,Raub,Pahang
27600,Kampung Rela,Raub,Pahang
27600,Kampung SC,Raub,Pahang
27600,Kampung Sempalit,Raub,Pahang
27600,Kampung Simpan Baru,Raub,Pahang
27600,Kampung Simpan Kalang,Raub,Pahang
27600,Kampung Simpang Badang,Raub,Pahang
27600,Kampung Siri Jaya,Raub,Pahang
27600,Kampung Sungai Chetang,Raub,Pahang
27600,Kampung Sungai Kelau,Raub,Pahang
27600,Kampung Sungai Kening,Raub,Pahang
27600,Kampung Sungai Lui,Raub,Pahang
27600,Kampung Sungai Miang,Raub,Pahang
27600,Kampung Todi,Raub,Pahang
27600,Kampung Tok Machang,Raub,Pahang
27600,Kampung Ulu Sempalit,Raub,Pahang
27600,Ladang Hue Om,Raub,Pahang
27600,Pam Air Sungai Bilut,Raub,Pahang
27600,Paya Baru,Raub,Pahang
27600,Perumahan Jeram Busu,Raub,Pahang
27600,Pos Satak,Raub,Pahang
27600,Raub,Raub,Pahang
27600,Rumah Murah Bukit Koman,Raub,Pahang
27600,Sang Lee,Raub,Pahang
27600,Semantan Ulu,Raub,Pahang
27600,Sempalit Hilir,Raub,Pahang
27600,Sempalit Ulu,Raub,Pahang
27600,Simpang Kallang India,Raub,Pahang
27600,Sungai Bilut Estate,Raub,Pahang
27600,Sungai Lui,Raub,Pahang
27600,Taman Abu Bakar,Raub,Pahang
27600,Taman Amalina,Raub,Pahang
27600,Taman Bahagia,Raub,Pahang
27600,Taman Bistari,Raub,Pahang
27600,Taman Bukit Indah,Raub,Pahang
27600,Taman Bukit Koman,Raub,Pahang
27600,Taman Charoh Maju 1,Raub,Pahang
27600,Taman Emas,Raub,Pahang
27600,Taman Gunong Emas,Raub,Pahang
27600,Taman Hutan Emas,Raub,Pahang
27600,Taman Imigresen,Raub,Pahang
27600,Taman Indraputra,Raub,Pahang
27600,Taman Intan,Raub,Pahang
27600,Taman Juntai,Raub,Pahang
27600,Taman Kemajuan,Raub,Pahang
27600,Taman Kenanga,Raub,Pahang
27600,Taman Kurnia Jaya,Raub,Pahang
27600,Taman Lee Mau,Raub,Pahang
27600,Taman Medan Indah,Raub,Pahang
27600,Taman Melati,Raub,Pahang
27600,Taman Melewar,Raub,Pahang
27600,Taman Muhibbah (1 - 4),Raub,Pahang
27600,Taman Muhibbah Tranum,Raub,Pahang
27600,Taman Mutiara 2,Raub,Pahang
27600,Taman Mutiara,Raub,Pahang
27600,Taman Okid,Raub,Pahang
27600,Taman Ralib Utama,Raub,Pahang
27600,Taman Raub (1 - 5),Raub,Pahang
27600,Taman Raub Jaya,Raub,Pahang
27600,Taman Raub Perdana,Raub,Pahang
27600,Taman Raub Utama,Raub,Pahang
27600,Taman Rotan Tunggal,Raub,Pahang
27600,Taman Sempalit Aman,Raub,Pahang
27600,Taman Sempalit Baru,Raub,Pahang
27600,Taman Sentosa,Raub,Pahang
27600,Taman Seri Aman (Sempalit),Raub,Pahang
27600,Taman Seri Sempalit,Raub,Pahang
27600,Taman Seroja,Raub,Pahang
27600,Taman Shahbandar Hussin,Raub,Pahang
27600,Taman Yerl,Raub,Pahang
27607,Peti Surat,Raub,Pahang
27609,Beg Berkunci,Raub,Pahang
27610,Batu Malim,Raub,Pahang
27610,Batu Talam,Raub,Pahang
27610,Bukit Jawa,Raub,Pahang
27610,Kampung Badang,Raub,Pahang
27610,Kampung Batu 18,Raub,Pahang
27610,Kampung Bukit Jawa,Raub,Pahang
27610,Kampung India (Batu 12),Raub,Pahang
27610,Kampung Jasu,Raub,Pahang
27610,Kampung Jerus,Raub,Pahang
27610,Kampung Kela,Raub,Pahang
27610,Kampung Kundang,Raub,Pahang
27610,Kampung Paya Baru,Raub,Pahang
27610,Kampung Pulai,Raub,Pahang
27610,Kampung Songsang,Raub,Pahang
27610,Kampung Tersang,Raub,Pahang
27610,Kampung Ulu Sungai,Raub,Pahang
27610,Rumah Murah Batu Talam,Raub,Pahang
27620,Cheroh,Raub,Pahang
27620,Kampung Baru Cheroh,Raub,Pahang
27620,Kampung Kuala Semantan,Raub,Pahang
27620,Kampung Kundang Patah,Raub,Pahang
27620,Kampung Melayu Cheroh,Raub,Pahang
27620,Kampung Ria,Raub,Pahang
27620,Kampung Sungai Buloh,Raub,Pahang
27620,Kampung Sungai Panggong,Raub,Pahang
27620,Ladang Cheroh,Raub,Pahang
27620,Rumah LKNP Maju 3,Raub,Pahang
27620,Rumah Murah Cheroh,Raub,Pahang
27620,Sungai,Raub,Pahang
27620,Taman Bintang,Raub,Pahang
27630,Felda Lembah Klau,Raub,Pahang
27630,Kampung Klau Kechil,Raub,Pahang
27630,Kampung Sri Jaya,Raub,Pahang
27630,Kampung Sungai Klau,Raub,Pahang
27630,Kampung Sungai Ruan,Raub,Pahang
27630,Kampung Tok Machang,Raub,Pahang
27630,Kampung Ulu Gali,Raub,Pahang
27630,Ladang Sang Foo,Raub,Pahang
27630,Lembah Klau,Raub,Pahang
27630,LKPP Sungai Chalit,Raub,Pahang
27630,RRM Sungai Ruan,Raub,Pahang
27630,Sungai Klau,Raub,Pahang
27630,Sungai Ruan,Raub,Pahang
27630,Taman Anggerik,Raub,Pahang
27630,Taman Bunga Matahari,Raub,Pahang
27630,Taman Bunga Raya,Raub,Pahang
27630,Taman Cempaka,Raub,Pahang
27630,Taman KSM Sungai Ruan,Raub,Pahang
27630,Taman Maju,Raub,Pahang
27630,Taman Mawar,Raub,Pahang
27630,Taman Melewar,Raub,Pahang
27630,Taman Sungai Ruan,Raub,Pahang
27630,Taman Wawasan,Raub,Pahang
27630,Ulu Cheroh,Raub,Pahang
27650,Felcra Kuala Medang,Sungai Koyan,Pahang
27650,Felda Sungai Koyan (1 - 3),Sungai Koyan,Pahang
27650,Felda Tersang (1 - 3),Sungai Koyan,Pahang
27650,Kampung Belida,Sungai Koyan,Pahang
27650,Kampung Jelapang,Sungai Koyan,Pahang
27650,Kampung Jelaping,Sungai Koyan,Pahang
27650,Kampung Kermoi,Sungai Koyan,Pahang
27650,Kampung Ketoyong,Sungai Koyan,Pahang
27650,Kampung Kuala Koyan,Sungai Koyan,Pahang
27650,Kampung Kuala Medang,Sungai Koyan,Pahang
27650,Kampung Kuala Serau,Sungai Koyan,Pahang
27650,Kampung Lanas,Sungai Koyan,Pahang
27650,Kampung Lubok Kasah,Sungai Koyan,Pahang
27650,Kampung Naga Umbang,Sungai Koyan,Pahang
27650,Kampung Pantos,Sungai Koyan,Pahang
27650,Kampung Pulau Badak,Sungai Koyan,Pahang
27650,Kampung Sri Murni,Sungai Koyan,Pahang
27650,Kampung Tanjong Gahai,Sungai Koyan,Pahang
27650,Kampung Tanjung Rambai,Sungai Koyan,Pahang
27650,Kampung Telom,Sungai Koyan,Pahang
27650,Ladang Bukit Puteri,Sungai Koyan,Pahang
27650,RPS Betau,Sungai Koyan,Pahang
27650,RPSB Kuala Medang,Sungai Koyan,Pahang
27650,Sungai Chalit,Sungai Koyan,Pahang
27650,Sungai Koyan,Sungai Koyan,Pahang
27650,Taman Sri Medang,Sungai Koyan,Pahang
27650,"Terasang 1, 2, 3",Sungai Koyan,Pahang
27660,Kampung Arang,Sega,Pahang
27660,Kampung Bahagia,Sega,Pahang
27660,Kampung Bukit Palong,Sega,Pahang
27660,Kampung Chenua,Sega,Pahang
27660,Kampung Jeruas,Sega,Pahang
27660,Kampung Pak Senam,Sega,Pahang
27660,Kampung Paya Lalang,Sega,Pahang
27660,Kampung Paya Terap,Sega,Pahang
27660,Kampung Retai,Sega,Pahang
27660,Kampung Rokan,Sega,Pahang
27660,Kampung Sain,Sega,Pahang
27660,Kampung Sega Tat,Sega,Pahang
27660,Kampung Tanjong Aur,Sega,Pahang
27660,Kampung Teridi,Sega,Pahang
27660,Sega,Sega,Pahang
27660,Ulu Atok,Sega,Pahang
27670,Kampung Baharu Sungai Chetang,Raub,Pahang
27670,Kampung Baharu Teras,Raub,Pahang
27670,Kampung Chendarawi,Raub,Pahang
27670,Kampung Sungai Delam,Raub,Pahang
27670,Sungai Chetang,Raub,Pahang
27670,Teras,Raub,Pahang
27670,Tranum,Raub,Pahang
27670,Ulu Teridi,Raub,Pahang
28000,Bukit Angin,Temerloh,Pahang
28000,Bukit Segumpal,Temerloh,Pahang
28000,Desa Bangau,Temerloh,Pahang
28000,Felcra Charok Putting,Temerloh,Pahang
28000,Gau Baharu,Temerloh,Pahang
28000,Jala Bahagia,Temerloh,Pahang
28000,Jalan Ahmad Shah,Temerloh,Pahang
28000,Jalan Aman,Temerloh,Pahang
28000,Jalan Bahagia Makmur,Temerloh,Pahang
28000,Jalan Bahagian Indah,Temerloh,Pahang
28000,Jalan Bahaman,Temerloh,Pahang
28000,Jalan Bani Yaacob,Temerloh,Pahang
28000,Jalan Bukit Angin,Temerloh,Pahang
28000,Jalan Bukit Indah,Temerloh,Pahang
28000,Jalan Bunga Raya,Temerloh,Pahang
28000,Jalan Dahlia,Temerloh,Pahang
28000,Jalan Damai,Temerloh,Pahang
28000,Jalan Dato Ngau Ken Lock,Temerloh,Pahang
28000,Jalan Gereja,Temerloh,Pahang
28000,Jalan Hamzah,Temerloh,Pahang
28000,Jalan Ibrahim,Temerloh,Pahang
28000,Jalan Idera Segara,Temerloh,Pahang
28000,Jalan Intan,Temerloh,Pahang
28000,Jalan Kuantan,Temerloh,Pahang
28000,Jalan Lurah Semantan,Temerloh,Pahang
28000,Jalan Maran Seberang Temerloh,Temerloh,Pahang
28000,Jalan Merbah,Temerloh,Pahang
28000,Jalan Merbok,Temerloh,Pahang
28000,Jalan Merpati,Temerloh,Pahang
28000,Jalan Murai,Temerloh,Pahang
28000,Jalan Ngau Ken Lock,Temerloh,Pahang
28000,Jalan Pak Sako,Temerloh,Pahang
28000,Jalan Paya Kemunting,Temerloh,Pahang
28000,Jalan Selayang,Temerloh,Pahang
28000,Jalan Semantan,Temerloh,Pahang
28000,Jalan Serindit,Temerloh,Pahang
28000,Jalan Setia Jasa,Temerloh,Pahang
28000,Jalan Sinar,Temerloh,Pahang
28000,Jalan Sudirman,Temerloh,Pahang
28000,Jalan Tan Sri Yahya,Temerloh,Pahang
28000,Jalan Temerloh Jaya,Temerloh,Pahang
28000,Jalan Temerloh Makmur,Temerloh,Pahang
28000,Jalan Tengku Bakar,Temerloh,Pahang
28000,Jalan Tok Muda Awang Ngah,Temerloh,Pahang
28000,Jalan Tunku Ismail,Temerloh,Pahang
28000,Kampung Bachap,Temerloh,Pahang
28000,Kampung Badok,Temerloh,Pahang
28000,Kampung Bangau Parit,Temerloh,Pahang
28000,Kampung Bangau Tanjong Keramat,Temerloh,Pahang
28000,Kampung Bangau Tanjung,Temerloh,Pahang
28000,Kampung Bangau,Temerloh,Pahang
28000,Kampung Baru (Cina),Temerloh,Pahang
28000,Kampung Baru Belengu,Temerloh,Pahang
28000,Kampung Baru Bintang,Temerloh,Pahang
28000,Kampung Baru Kabut,Temerloh,Pahang
28000,Kampung Baru Lebak,Temerloh,Pahang
28000,Kampung Batu 1,Temerloh,Pahang
28000,Kampung Bau Berhala Kapas,Temerloh,Pahang
28000,Kampung Belenggu,Temerloh,Pahang
28000,Kampung Belengka,Temerloh,Pahang
28000,Kampung Belengu,Temerloh,Pahang
28000,Kampung Belimbing,Temerloh,Pahang
28000,Kampung Bergala Gantang,Temerloh,Pahang
28000,Kampung Bintang,Temerloh,Pahang
28000,Kampung Bohor Baharu,Temerloh,Pahang
28000,Kampung Bukit Batu,Temerloh,Pahang
28000,Kampung Bukit Bintang,Temerloh,Pahang
28000,Kampung Bukit Jelutong,Temerloh,Pahang
28000,Kampung Bukit Kelulut,Temerloh,Pahang
28000,Kampung Bukit Kemuning,Temerloh,Pahang
28000,Kampung Bukit Kepayang,Temerloh,Pahang
28000,Kampung Bukit Lada,Temerloh,Pahang
28000,Kampung Bukit Napi,Temerloh,Pahang
28000,Kampung Bukit Pak Silap,Temerloh,Pahang
28000,Kampung Bukit Segumpal,Temerloh,Pahang
28000,Kampung Bukit Tinggi,Temerloh,Pahang
28000,Kampung Bukit Tingkat,Temerloh,Pahang
28000,Kampung Buntut Pulau,Temerloh,Pahang
28000,Kampung Chengal,Temerloh,Pahang
28000,Kampung Desa Murni (Songsang),Temerloh,Pahang
28000,Kampung Durian Daun,Temerloh,Pahang
28000,Kampung Durian Duduk,Temerloh,Pahang
28000,Kampung Durian Tikus,Temerloh,Pahang
28000,Kampung Embun,Temerloh,Pahang
28000,Kampung Gumai,Temerloh,Pahang
28000,Kampung Haji Ali,Temerloh,Pahang
28000,Kampung Haji Long,Temerloh,Pahang
28000,Kampung Haji Saleh,Temerloh,Pahang
28000,Kampung Jalan Maran,Temerloh,Pahang
28000,Kampung Keladan,Temerloh,Pahang
28000,Kampung Kerinau,Temerloh,Pahang
28000,Kampung Kuala Kujan,Temerloh,Pahang
28000,Kampung Kuala Sanggang,Temerloh,Pahang
28000,Kampung Lebak Seberang,Temerloh,Pahang
28000,Kampung Lompat,Temerloh,Pahang
28000,Kampung Loyang,Temerloh,Pahang
28000,Kampung Lubok Kawah,Temerloh,Pahang
28000,Kampung Lubok Layang,Temerloh,Pahang
28000,Kampung Macang Manis,Temerloh,Pahang
28000,Kampung Megat Segama,Temerloh,Pahang
28000,Kampung Padang Lalang,Temerloh,Pahang
28000,Kampung Padang Tenggala,Temerloh,Pahang
28000,Kampung Pamah Kasih,Temerloh,Pahang
28000,Kampung Pamah,Temerloh,Pahang
28000,Kampung Panchor,Temerloh,Pahang
28000,Kampung Pangsanam,Temerloh,Pahang
28000,Kampung Papan Tuai,Temerloh,Pahang
28000,Kampung Paya Ara,Temerloh,Pahang
28000,Kampung Paya Badak,Temerloh,Pahang
28000,Kampung Paya Banir,Temerloh,Pahang
28000,Kampung Paya Batu,Temerloh,Pahang
28000,Kampung Paya Dalam,Temerloh,Pahang
28000,Kampung Paya Jauh,Temerloh,Pahang
28000,Kampung Paya Jejawi,Temerloh,Pahang
28000,Kampung Paya Kechik,Temerloh,Pahang
28000,Kampung Paya Kerbau,Temerloh,Pahang
28000,Kampung Paya Kubu,Temerloh,Pahang
28000,Kampung Paya Luas,Temerloh,Pahang
28000,Kampung Paya Mengkuang,Temerloh,Pahang
28000,Kampung Paya Pedak,Temerloh,Pahang
28000,Kampung Paya Pulai,Temerloh,Pahang
28000,Kampung Paya Salak,Temerloh,Pahang
28000,Kampung Paya Senayan,Temerloh,Pahang
28000,Kampung Paya Tambang,Temerloh,Pahang
28000,Kampung Penak,Temerloh,Pahang
28000,Kampung Pengkalan Jaya,Temerloh,Pahang
28000,Kampung Pengkalan Manggis,Temerloh,Pahang
28000,Kampung Perak,Temerloh,Pahang
28000,Kampung Pulau Isu,Temerloh,Pahang
28000,Kampung Pulau Terap,Temerloh,Pahang
28000,Kampung Raja Senggang,Temerloh,Pahang
28000,Kampung Raja,Temerloh,Pahang
28000,Kampung Raju,Temerloh,Pahang
28000,Kampung Sanggang Seberang,Temerloh,Pahang
28000,Kampung Seberang Temerloh,Temerloh,Pahang
28000,Kampung Seladang,Temerloh,Pahang
28000,Kampung Selindang,Temerloh,Pahang
28000,Kampung Semat,Temerloh,Pahang
28000,Kampung Simpang Kawah,Temerloh,Pahang
28000,Kampung Sungai Kudang,Temerloh,Pahang
28000,Kampung Sungai Nerek,Temerloh,Pahang
28000,Kampung Sungai Rabit,Temerloh,Pahang
28000,Kampung Sungai Siak,Temerloh,Pahang
28000,Kampung Talau,Temerloh,Pahang
28000,Kampung Tanah Merah,Temerloh,Pahang
28000,Kampung Tanjong Batu,Temerloh,Pahang
28000,Kampung Tanjong Belenggu,Temerloh,Pahang
28000,Kampung Tanjong Besar,Temerloh,Pahang
28000,Kampung Tanjong Lalang,Temerloh,Pahang
28000,Kampung Tanjung Bunga,Temerloh,Pahang
28000,Kampung Tanjung Lalang,Temerloh,Pahang
28000,Kampung Tanjung Riau,Temerloh,Pahang
28000,Kampung Tanjung Teberau,Temerloh,Pahang
28000,Kampung Tanjung,Temerloh,Pahang
28000,Kampung Tebal,Temerloh,Pahang
28000,Kampung Teluk Ira,Temerloh,Pahang
28000,Kampung Teluk Mengkuang,Temerloh,Pahang
28000,Kampung Teluk Sentang,Temerloh,Pahang
28000,Kampung Tenabal,Temerloh,Pahang
28000,Kampung Tengah,Temerloh,Pahang
28000,Kampung Tenggoh Seberang,Temerloh,Pahang
28000,Kampung Tenggoh,Temerloh,Pahang
28000,Kampung Tualang,Temerloh,Pahang
28000,Ladang Lebak,Temerloh,Pahang
28000,"Padang Lalang, Temerloh",Temerloh,Pahang
28000,Pusat Komersial Dynaton Bukit Angin,Temerloh,Pahang
28000,Pusat Perniagaan Chengal,Temerloh,Pahang
28000,Simpang Jengka (Batu 2 3/4),Temerloh,Pahang
28000,Songsang,Temerloh,Pahang
28000,Taman Bahagia Baru,Temerloh,Pahang
28000,Taman Bahagia Intan,Temerloh,Pahang
28000,Taman Bahagia Jaya,Temerloh,Pahang
28000,Taman Bahagia Makmur,Temerloh,Pahang
28000,Taman Bahagia,Temerloh,Pahang
28000,Taman Bougainvillea Permai 1,Temerloh,Pahang
28000,Taman Bukit Angin,Temerloh,Pahang
28000,Taman Bukit Indah,Temerloh,Pahang
28000,Taman Bukit Kelulut,Temerloh,Pahang
28000,Taman Bunga Raya,Temerloh,Pahang
28000,Taman Cahaya,Temerloh,Pahang
28000,Taman Cempaka,Temerloh,Pahang
28000,Taman Chengal,Temerloh,Pahang
28000,Taman Dynaton Saujana,Temerloh,Pahang
28000,Taman Gau Indah,Temerloh,Pahang
28000,Taman Harapan,Temerloh,Pahang
28000,Taman Intan,Temerloh,Pahang
28000,Taman Jaya 3,Temerloh,Pahang
28000,Taman Jaya 4,Temerloh,Pahang
28000,Taman Jaya 8,Temerloh,Pahang
28000,Taman Jaya,Temerloh,Pahang
28000,Taman Kamariah,Temerloh,Pahang
28000,Taman Karpagar,Temerloh,Pahang
28000,Taman Muhibbah,Temerloh,Pahang
28000,Taman Paya Pulai,Temerloh,Pahang
28000,Taman Perindu,Temerloh,Pahang
28000,Taman Prima Setia,Temerloh,Pahang
28000,Taman Pulai Idaman,Temerloh,Pahang
28000,Taman Pulai Murni,Temerloh,Pahang
28000,Taman Pulai Mutiara,Temerloh,Pahang
28000,Taman Seberang Damai,Temerloh,Pahang
28000,Taman Seberang Temerloh,Temerloh,Pahang
28000,Taman Selayang,Temerloh,Pahang
28000,Taman Semantan Indah,Temerloh,Pahang
28000,Taman Seri Bahgia,Temerloh,Pahang
28000,Taman Seri Semantan,Temerloh,Pahang
28000,Taman Setia Jasa,Temerloh,Pahang
28000,Taman Setia,Temerloh,Pahang
28000,Taman Sri Bahagia Baru,Temerloh,Pahang
28000,Taman Sri Indera,Temerloh,Pahang
28000,Taman Sri Kemuning Indah,Temerloh,Pahang
28000,Taman Sri Kemuning,Temerloh,Pahang
28000,Taman Sri Kerinau,Temerloh,Pahang
28000,Taman Temerloh Jaya,Temerloh,Pahang
28000,Taman Temerloh Makmur,Temerloh,Pahang
28000,Taman Temerloh,Temerloh,Pahang
28000,Taman Ti Wah Indah,Temerloh,Pahang
28000,Teluk Mengkuang,Temerloh,Pahang
28000,Temerloh,Temerloh,Pahang
28000,Zon Perindustrian Songsang,Temerloh,Pahang
28007,Peti Surat,Temerloh,Pahang
28009,Beg Berkunci,Temerloh,Pahang
28010,Kampung Ayer Hitam,Temerloh,Pahang
28010,Kampung Batu Balai,Temerloh,Pahang
28010,Kampung Batu Lada,Temerloh,Pahang
28010,Kampung Belara,Temerloh,Pahang
28010,Kampung Bengkek,Temerloh,Pahang
28010,Kampung Benom,Temerloh,Pahang
28010,Kampung Charak,Temerloh,Pahang
28010,Kampung Ketam,Temerloh,Pahang
28010,Kampung Kuala Kerdau,Temerloh,Pahang
28010,Kampung Lipat Kajang,Temerloh,Pahang
28010,Kampung Peng Rasau,Temerloh,Pahang
28010,Kampung Peragoh,Temerloh,Pahang
28010,Kampung Pergap,Temerloh,Pahang
28010,Kampung Romia,Temerloh,Pahang
28010,Kampung Sungai Gau,Temerloh,Pahang
28010,Kampung Sungai Mas,Temerloh,Pahang
28010,Kampung Tanjong Pasir,Temerloh,Pahang
28010,Kampung Telok,Temerloh,Pahang
28010,Kampung Titi,Temerloh,Pahang
28010,Keladan,Temerloh,Pahang
28020,Belangka,Temerloh,Pahang
28020,Bukit Tongkat,Temerloh,Pahang
28020,Kampung Bangau Hilir,Temerloh,Pahang
28020,Kampung Bangau Tanjong,Temerloh,Pahang
28020,Kampung Darat Sanggang,Temerloh,Pahang
28020,Kampung Kenalau,Temerloh,Pahang
28020,Kampung Loyang,Temerloh,Pahang
28020,Kampung Orang Asli,Temerloh,Pahang
28020,Kampung Paya Keladan,Temerloh,Pahang
28020,Kampung Sanggang Bahagia,Temerloh,Pahang
28020,Kampung Sanggang,Temerloh,Pahang
28020,Kampung Simpang Sanggang,Temerloh,Pahang
28020,Kampung Songsang,Temerloh,Pahang
28020,Kampung Tan Sri Yahya,Temerloh,Pahang
28020,Kampung Tanjong Keramat,Temerloh,Pahang
28020,Kerdau,Temerloh,Pahang
28020,Lubok Kawah,Temerloh,Pahang
28020,Paya Banir,Temerloh,Pahang
28020,Paya Jejawi,Temerloh,Pahang
28020,Perumahan Rakyat Bukit Lada,Temerloh,Pahang
28020,Taman Keledan Indah,Temerloh,Pahang
28020,"Tebing Tinggi, Temerloh",Temerloh,Pahang
28030,Jengka 18,Temerloh,Pahang
28030,Jengka 19,Temerloh,Pahang
28030,Kampung Awah,Temerloh,Pahang
28040,Kampung Baharu Bera,Temerloh,Pahang
28040,Kampung Batu Anchor,Temerloh,Pahang
28040,Kampung Bera,Temerloh,Pahang
28040,Kampung Bukit Rola,Temerloh,Pahang
28040,Kampung Guai,Temerloh,Pahang
28040,Kampung Karai,Temerloh,Pahang
28040,Kampung Lubok Lian,Temerloh,Pahang
28040,Kampung Pengkalan Terap,Temerloh,Pahang
28040,Kampung Tebing Tinggi,Temerloh,Pahang
28040,Kampung Tengah Bera,Temerloh,Pahang
28040,Sungai Nerek,Temerloh,Pahang
28050,Buntar,Kuala Krau,Pahang
28050,Felcra Ulu Jenut,Kuala Krau,Pahang
28050,Felda Jenderak Selatan,Kuala Krau,Pahang
28050,Felda Jenderak Utara,Kuala Krau,Pahang
28050,Kampung Badak,Kuala Krau,Pahang
28050,Kampung Batu Gading,Kuala Krau,Pahang
28050,Kampung Batu Sawar,Kuala Krau,Pahang
28050,Kampung Bukit Ketupat,Kuala Krau,Pahang
28050,Kampung Bukit Lada,Kuala Krau,Pahang
28050,Kampung Dato Shariff Ahmad,Kuala Krau,Pahang
28050,Kampung Dungai Cheh,Kuala Krau,Pahang
28050,Kampung Dungai Hijau,Kuala Krau,Pahang
28050,Kampung Gajah Mati,Kuala Krau,Pahang
28050,Kampung Gempu,Kuala Krau,Pahang
28050,Kampung Gong Halt,Kuala Krau,Pahang
28050,Kampung Gunung Senyum,Kuala Krau,Pahang
28050,Kampung Jenderak,Kuala Krau,Pahang
28050,Kampung Jenggok,Kuala Krau,Pahang
28050,Kampung Kuala Krau,Kuala Krau,Pahang
28050,Kampung Kuala Mai,Kuala Krau,Pahang
28050,Kampung Kuala Tekal,Kuala Krau,Pahang
28050,Kampung Masjid,Kuala Krau,Pahang
28050,Kampung Pandan,Kuala Krau,Pahang
28050,Kampung Pasu,Kuala Krau,Pahang
28050,Kampung Paya Angut,Kuala Krau,Pahang
28050,Kampung Paya Baru,Kuala Krau,Pahang
28050,Kampung Paya Luas,Kuala Krau,Pahang
28050,Kampung Paya Sok,Kuala Krau,Pahang
28050,Kampung Paya Tajau,Kuala Krau,Pahang
28050,Kampung Penderas,Kuala Krau,Pahang
28050,Kampung Pian,Kuala Krau,Pahang
28050,Kampung Pulau Pasir Mandi,Kuala Krau,Pahang
28050,"Kampung Pulau Pasir Mandi, Kuala Krau",Kuala Krau,Pahang
28050,Kampung Pulau Raya,Kuala Krau,Pahang
28050,Kampung Seboi,Kuala Krau,Pahang
28050,Kampung Sekoh,Kuala Krau,Pahang
28050,Kampung Sungai Dalam,Kuala Krau,Pahang
28050,Kampung Tanjong Buloh,Kuala Krau,Pahang
28050,Kampung Tanjong Kubu,Kuala Krau,Pahang
28050,Kampung Tanjong Prian,Kuala Krau,Pahang
28050,Kampung Tanjong Timbau,Kuala Krau,Pahang
28050,Kampung Telok Lengkuang,Kuala Krau,Pahang
28050,Kampung Telok Sabak,Kuala Krau,Pahang
28050,Kampung Telok,Kuala Krau,Pahang
28050,Kampung Terengging,Kuala Krau,Pahang
28050,Kuala Krau,Kuala Krau,Pahang
28050,Paya Mendoi,Kuala Krau,Pahang
28050,Pulau Chengal,Kuala Krau,Pahang
28050,Rumpun Makmur,Kuala Krau,Pahang
28050,Taman Mewah,Kuala Krau,Pahang
28050,Teluk Jerjak,Kuala Krau,Pahang
28100,Chenor,Chenor,Pahang
28100,Kampung Baru Pertanian Sungai Jempo,Chenor,Pahang
28100,Kampung Baru Sungai Ling,Chenor,Pahang
28100,Kampung Batu Bor,Chenor,Pahang
28100,Kampung Batu Kunta,Chenor,Pahang
28100,Kampung Belawan,Chenor,Pahang
28100,Kampung Bukit Batu Tampol,Chenor,Pahang
28100,Kampung Bukit Bota,Chenor,Pahang
28100,Kampung Bukit Chempedak,Chenor,Pahang
28100,Kampung Bunut Cempedak,Chenor,Pahang
28100,Kampung Bunyian,Chenor,Pahang
28100,Kampung Chabang Dua,Chenor,Pahang
28100,Kampung Dalam,Chenor,Pahang
28100,Kampung Gaong,Chenor,Pahang
28100,Kampung Gumai,Chenor,Pahang
28100,Kampung Huma Luas,Chenor,Pahang
28100,Kampung Jengka (Batu 13),Chenor,Pahang
28100,Kampung Jengka,Chenor,Pahang
28100,Kampung Jerneh,Chenor,Pahang
28100,Kampung Kabut,Chenor,Pahang
28100,Kampung Kandis,Chenor,Pahang
28100,Kampung Kening,Chenor,Pahang
28100,Kampung Lating,Chenor,Pahang
28100,Kampung Londong,Chenor,Pahang
28100,Kampung Machap Gelap,Chenor,Pahang
28100,Kampung Musir,Chenor,Pahang
28100,Kampung Nyak,Chenor,Pahang
28100,Kampung Pantai,Chenor,Pahang
28100,Kampung Paya Ladang,Chenor,Pahang
28100,Kampung Peijing,Chenor,Pahang
28100,Kampung Pesagi,Chenor,Pahang
28100,Kampung Puchong,Chenor,Pahang
28100,Kampung Raja,Chenor,Pahang
28100,Kampung Sabelah,Chenor,Pahang
28100,Kampung Sekara,Chenor,Pahang
28100,Kampung Sembai,Chenor,Pahang
28100,Kampung Sertang,Chenor,Pahang
28100,Kampung Sungai Kundang,Chenor,Pahang
28100,Kampung Sungai Ling,Chenor,Pahang
28100,Kampung Tanjong Kertau,Chenor,Pahang
28100,Kampung Tebing Tebal,Chenor,Pahang
28100,Kampung Telok Kertam,Chenor,Pahang
28100,Kampung Telok Melati,Chenor,Pahang
28100,Pengkalan Balai,Chenor,Pahang
28100,Simpang Chenor,Chenor,Pahang
28100,Tanjung Memalau,Chenor,Pahang
28200,Batu Papan,Bandar Bera,Pahang
28200,Bukit Keladang,Bandar Bera,Pahang
28200,Felcra Bohor Bharu,Bandar Bera,Pahang
28200,Felcra Bukit Serdang,Bandar Bera,Pahang
28200,Hoe Seng Estate,Bandar Bera,Pahang
28200,Kampung Baru,Bandar Bera,Pahang
28200,Kampung Batu Imam Sulong,Bandar Bera,Pahang
28200,Kampung Batu Papan,Bandar Bera,Pahang
28200,Kampung Bohor,Bandar Bera,Pahang
28200,"Kampung Bohor, Triang",Bandar Bera,Pahang
28200,"Kampung Bongkok, Triang",Bandar Bera,Pahang
28200,Kampung Bukit Keledang,Bandar Bera,Pahang
28200,Kampung Bukit Naga Mengulur,Bandar Bera,Pahang
28200,Kampung Bukit Rok,Bandar Bera,Pahang
28200,Kampung Durian Tawar,Bandar Bera,Pahang
28200,Kampung Ibam,Bandar Bera,Pahang
28200,Kampung Jelam,Bandar Bera,Pahang
28200,Kampung Kuala Bera,Bandar Bera,Pahang
28200,Kampung Kuala Triang,Bandar Bera,Pahang
28200,Kampung Kubong Panjang,Bandar Bera,Pahang
28200,Kampung Lubok Lian,Bandar Bera,Pahang
28200,Kampung Mengkarak,Bandar Bera,Pahang
28200,Kampung Padang Luas,Bandar Bera,Pahang
28200,Kampung Paya Bedak,Bandar Bera,Pahang
28200,Kampung Paya Buloh,Bandar Bera,Pahang
28200,Kampung Paya Embit,Bandar Bera,Pahang
28200,Kampung Paya Pagar,Bandar Bera,Pahang
28200,Kampung Paya Panjang,Bandar Bera,Pahang
28200,Kampung Paya Serai,Bandar Bera,Pahang
28200,Kampung Seberang Guai,Bandar Bera,Pahang
28200,Kampung Seberang Lanjut,Bandar Bera,Pahang
28200,Kampung Seberang Tok Penor,Bandar Bera,Pahang
28200,Kampung Tanjong Enam,Bandar Bera,Pahang
28200,Kampung Telok Jelam,Bandar Bera,Pahang
28200,Kampung Tok Biah,Bandar Bera,Pahang
28200,Kampung Tok Langit,Bandar Bera,Pahang
28200,Kampung Tok Taggoh,Bandar Bera,Pahang
28200,Kuala Bera,Bandar Bera,Pahang
28200,Kuala Triang,Bandar Bera,Pahang
28200,Ladang Hoe Seng,Bandar Bera,Pahang
28200,Ladang Karmen,Bandar Bera,Pahang
28200,Ladang Kemansur,Bandar Bera,Pahang
28200,Ladang Mengkarak,Bandar Bera,Pahang
28200,Mengkarak,Bandar Bera,Pahang
28200,Padang Luas,Bandar Bera,Pahang
28200,Rancangan Rumah Murah,Bandar Bera,Pahang
28200,Seberang Guai,Bandar Bera,Pahang
28200,Taman Mengkarak,Bandar Bera,Pahang
28200,Taman Ong Fu Moy,Bandar Bera,Pahang
28200,Taman Tong Ah,Bandar Bera,Pahang
28300,Bandar 32 (Gugusan Bera),Triang,Pahang
28300,Felda Bukit Puchong,Triang,Pahang
28300,Felda Kumai,Triang,Pahang
28300,Felda Mayam,Triang,Pahang
28300,Felda Rentam,Triang,Pahang
28300,Felda Sebertak,Triang,Pahang
28300,Felda Termenti,Triang,Pahang
28300,Felda Triang 3,Triang,Pahang
28300,Jalan Daro 1 & 2,Triang,Pahang
28300,Jalan Kubor Cina,Triang,Pahang
28300,Jalan Sentosa,Triang,Pahang
28300,Kampung Anak Bukit,Triang,Pahang
28300,"Kampung Baru, Triang",Triang,Pahang
28300,Kampung Mentri,Triang,Pahang
28300,Kampung Paya Lang,Triang,Pahang
28300,Kampung Sri Buntar,Triang,Pahang
28300,Kampung Timur,Triang,Pahang
28300,Kampung Zaiwang,Triang,Pahang
28300,Mayam,Triang,Pahang
28300,Taman Amluk,Triang,Pahang
28300,Taman Ann Lek,Triang,Pahang
28300,Taman Cheng Siew,Triang,Pahang
28300,Taman Daro,Triang,Pahang
28300,Taman Desa Aman,Triang,Pahang
28300,Taman Indah,Triang,Pahang
28300,Taman Jaya,Triang,Pahang
28300,Taman Lim Chitt,Triang,Pahang
28300,Taman Okid,Triang,Pahang
28300,Taman Permai Sri Buntar,Triang,Pahang
28300,Taman Raya,Triang,Pahang
28300,Taman Selayang,Triang,Pahang
28300,Taman Seraya,Triang,Pahang
28300,Taman Sri Buntar,Triang,Pahang
28300,Taman Sri Triang,Triang,Pahang
28300,Taman Teo Jo,Triang,Pahang
28300,Taman Teo Joo,Triang,Pahang
28300,Taman Triang Jaya,Triang,Pahang
28300,Taman Triang Maju,Triang,Pahang
28300,Taman Triang Makmur,Triang,Pahang
28310,Chemoimoi,Triang,Pahang
28310,Triang,Triang,Pahang
28320,Bukit Mendi,Triang,Pahang
28320,Bukit Puchong,Triang,Pahang
28320,Felda Bukit Mendi,Triang,Pahang
28320,Felda Sungai Kemahal,Triang,Pahang
28320,Sungai Kemahal,Triang,Pahang
28330,Bukit Kepayang,Triang,Pahang
28330,Felda Bukit Kepayang,Triang,Pahang
28330,Felda Purun,Triang,Pahang
28340,Felda Mengkuang,Kemayan,Pahang
28340,Kampung Baru Mengkuang,Kemayan,Pahang
28340,Kampung Mengkuang,Kemayan,Pahang
28340,Kampung Tering,Kemayan,Pahang
28340,Ladang Mengkuang,Kemayan,Pahang
28340,"Mengkuang, Triang",Kemayan,Pahang
28340,Purun,Kemayan,Pahang
28380,Felda Tembangau,Kemayan,Pahang
28380,Jalan Besar Kemayan,Kemayan,Pahang
28380,Jalan Besar Mengkuang,Kemayan,Pahang
28380,Jalan Sungai Bera,Kemayan,Pahang
28380,Kampung Baru Cina,Kemayan,Pahang
28380,Kampung Dato Sri Hamzah,Kemayan,Pahang
28380,Kampung Kebun Limau,Kemayan,Pahang
28380,Kampung Sentosa,Kemayan,Pahang
28380,Kemayan,Kemayan,Pahang
28380,Ladang Baru Choow,Kemayan,Pahang
28380,Ladang Bukit Keramat,Kemayan,Pahang
28380,Ladang Bukit Senorang,Kemayan,Pahang
28380,Ladang Espek Bena,Kemayan,Pahang
28380,Ladang Juntai,Kemayan,Pahang
28380,Ladang Kemayan Oil Palm,Kemayan,Pahang
28380,Ladang Kemayan,Kemayan,Pahang
28380,Ladang LKPP Nuklias V,Kemayan,Pahang
28380,Ladang Malaysia N Agric,Kemayan,Pahang
28380,Ladang TDM Mengkuang,Kemayan,Pahang
28380,Ladang Teok Lee,Kemayan,Pahang
28380,Log Ban Chon Estate,Kemayan,Pahang
28380,Taman Damai,Kemayan,Pahang
28380,Taman Indah,Kemayan,Pahang
28380,Taman Jaya,Kemayan,Pahang
28380,Taman Kemayan Jaya,Kemayan,Pahang
28380,Taman Kin Yu,Kemayan,Pahang
28380,Taman Maju Jaya,Kemayan,Pahang
28380,Taman Sri Mewah,Kemayan,Pahang
28400,Bukit Malaysia,Mentakab,Pahang
28400,Damai Taha,Mentakab,Pahang
28400,Embun Heights,Mentakab,Pahang
28400,Jalan Ara,Mentakab,Pahang
28400,Jalan Asoka,Mentakab,Pahang
28400,Jalan Berangan,Mentakab,Pahang
28400,Jalan Cemara,Mentakab,Pahang
28400,Jalan Damar Hitam,Mentakab,Pahang
28400,Jalan Durian,Mentakab,Pahang
28400,Jalan Inai,Mentakab,Pahang
28400,Jalan Jati,Mentakab,Pahang
28400,Jalan Jelutong,Mentakab,Pahang
28400,Jalan Kapor,Mentakab,Pahang
28400,Jalan Kayu Manis,Mentakab,Pahang
28400,Jalan Kempas,Mentakab,Pahang
28400,Jalan Ketapang,Mentakab,Pahang
28400,Jalan Mengkudu,Mentakab,Pahang
28400,Jalan Mengkulang,Mentakab,Pahang
28400,Jalan Meranti,Mentakab,Pahang
28400,Jalan Nibong,Mentakab,Pahang
28400,Jalan Nipah,Mentakab,Pahang
28400,Jalan Pinang Raja,Mentakab,Pahang
28400,Jalan Rhu,Mentakab,Pahang
28400,Jalan Saga,Mentakab,Pahang
28400,Jalan Selasih,Mentakab,Pahang
28400,Jalan Semarak Api,Mentakab,Pahang
28400,Jalan Sri Layang,Mentakab,Pahang
28400,Jalan Teja,Mentakab,Pahang
28400,Jenderak Selatan,Mentakab,Pahang
28400,Jenderak Utara,Mentakab,Pahang
28400,Kampung Baru (Cina),Mentakab,Pahang
28400,Kampung Baru Batu 8,Mentakab,Pahang
28400,Kampung Baru Chin,Mentakab,Pahang
28400,Kampung Batu Cina,Mentakab,Pahang
28400,Kampung Batu Hampar,Mentakab,Pahang
28400,Kampung Batu Kapor,Mentakab,Pahang
28400,Kampung Bukit Malaysia,Mentakab,Pahang
28400,Kampung Bukit Permata,Mentakab,Pahang
28400,Kampung Chantik Baru,Mentakab,Pahang
28400,Kampung Chatin Atas,Mentakab,Pahang
28400,Kampung Chatin Bawah,Mentakab,Pahang
28400,Kampung Chatin,Mentakab,Pahang
28400,Kampung Desa Bakti,Mentakab,Pahang
28400,Kampung Gajah Mati,Mentakab,Pahang
28400,Kampung Gantok Ulu,Mentakab,Pahang
28400,Kampung Gantok,Mentakab,Pahang
28400,Kampung Kelubi,Mentakab,Pahang
28400,Kampung Lubok Kechemas,Mentakab,Pahang
28400,Kampung Lubok Serdang,Mentakab,Pahang
28400,Kampung Mambang Berulang,Mentakab,Pahang
28400,Kampung Padang Lalang,Mentakab,Pahang
28400,Kampung Penak,Mentakab,Pahang
28400,Kampung Rakit,Mentakab,Pahang
28400,Kampung Seri Kemuning,Mentakab,Pahang
28400,Kampung Sungai Ara,Mentakab,Pahang
28400,Kampung Sungai Buloh,Mentakab,Pahang
28400,Kampung Sungai Buluh,Mentakab,Pahang
28400,Kampung Sungai Dingin,Mentakab,Pahang
28400,Kampung Sungai Ketapa,Mentakab,Pahang
28400,Kampung Tanjong Kerayong,Mentakab,Pahang
28400,Kampung Tok Embun,Mentakab,Pahang
28400,Kem Batu Lima,Mentakab,Pahang
28400,Kompleks Pularis,Mentakab,Pahang
28400,Ladang Kemasul,Mentakab,Pahang
28400,Ladang Mentakab,Mentakab,Pahang
28400,Lorong Merah,Mentakab,Pahang
28400,Mentakab,Mentakab,Pahang
28400,Simpang Penak,Mentakab,Pahang
28400,Taman Bendera Intan,Mentakab,Pahang
28400,Taman Bendera Mahkota,Mentakab,Pahang
28400,Taman Bukit Bendera,Mentakab,Pahang
28400,Taman Bukit Cermin Indah,Mentakab,Pahang
28400,Taman Bukit Cermin,Mentakab,Pahang
28400,Taman Bukit Cina,Mentakab,Pahang
28400,Taman Bukit Malaysia,Mentakab,Pahang
28400,Taman Bukit Mentakab,Mentakab,Pahang
28400,Taman Damai Taha,Mentakab,Pahang
28400,Taman De Villa,Mentakab,Pahang
28400,Taman Desa Jaya,Mentakab,Pahang
28400,Taman Desa Saujana,Mentakab,Pahang
28400,Taman Gembira,Mentakab,Pahang
28400,Taman Gopeng,Mentakab,Pahang
28400,Taman Indah,Mentakab,Pahang
28400,Taman Ixora,Mentakab,Pahang
28400,Taman Keramat,Mentakab,Pahang
28400,Taman Kristal,Mentakab,Pahang
28400,Taman KSM Indah,Mentakab,Pahang
28400,Taman KSM,Mentakab,Pahang
28400,Taman Lee Chan,Mentakab,Pahang
28400,Taman Mahkota,Mentakab,Pahang
28400,Taman Mentakab Bahagia,Mentakab,Pahang
28400,Taman Mentakab Indah,Mentakab,Pahang
28400,Taman Mentakab Jaya,Mentakab,Pahang
28400,Taman Mentakab,Mentakab,Pahang
28400,Taman Merbau,Mentakab,Pahang
28400,Taman Pasir Rawa,Mentakab,Pahang
28400,Taman Perindustrian Temerloh,Mentakab,Pahang
28400,Taman Rimba Emas,Mentakab,Pahang
28400,Taman Rimba Puncak,Mentakab,Pahang
28400,Taman Rimba,Mentakab,Pahang
28400,Taman Saga,Mentakab,Pahang
28400,Taman Segumpas Jaya,Mentakab,Pahang
28400,Taman Segumpas,Mentakab,Pahang
28400,Taman Sempalit,Mentakab,Pahang
28400,Taman Sentosa,Mentakab,Pahang
28400,Taman Seri Bendera,Mentakab,Pahang
28400,Taman Seri Layang,Mentakab,Pahang
28400,Taman Setia,Mentakab,Pahang
28400,Taman Siva,Mentakab,Pahang
28400,Taman Sungai Ara,Mentakab,Pahang
28400,Taman Suppiah,Mentakab,Pahang
28400,Taman Tan Chew Tong,Mentakab,Pahang
28400,Taman Tanjong Kerayong,Mentakab,Pahang
28400,Taman Tunas,Mentakab,Pahang
28400,Taman Zabidin,Mentakab,Pahang
28407,Peti Surat,Mentakab,Pahang
28409,Beg Berkunci,Mentakab,Pahang
28500,Bandar Baru Lanchang,Lanchang,Pahang
28500,Bukit Rengit,Lanchang,Pahang
28500,Felda Bukit Damar,Lanchang,Pahang
28500,Felda Lakom,Lanchang,Pahang
28500,IKBM Paya Siput,Lanchang,Pahang
28500,Kampung Bolok,Lanchang,Pahang
28500,Kampung Bongsu,Lanchang,Pahang
28500,Kampung Bukit Gabang,Lanchang,Pahang
28500,Kampung Chempaka,Lanchang,Pahang
28500,Kampung Dala,Lanchang,Pahang
28500,Kampung Jerangan,Lanchang,Pahang
28500,Kampung Jergoh,Lanchang,Pahang
28500,Kampung Kenangan,Lanchang,Pahang
28500,Kampung Kuala Kaung,Lanchang,Pahang
28500,Kampung Lanar,Lanchang,Pahang
28500,Kampung Lubok Kawah,Lanchang,Pahang
28500,Kampung Mempateh,Lanchang,Pahang
28500,Kampung Pandan,Lanchang,Pahang
28500,Kampung Paya Laman,Lanchang,Pahang
28500,Kampung Paya Siput,Lanchang,Pahang
28500,Kampung Punjong,Lanchang,Pahang
28500,Kampung Rantau Panjang,Lanchang,Pahang
28500,Kampung Sementeh,Lanchang,Pahang
28500,Kampung Sempadan,Lanchang,Pahang
28500,Kampung Sungai Chermang,Lanchang,Pahang
28500,Kampung Sungai Kepong,Lanchang,Pahang
28500,Kampung Sungai Lanar,Lanchang,Pahang
28500,Kampung Sungai Leleh,Lanchang,Pahang
28500,Kampung Tedong,Lanchang,Pahang
28500,Kampung Teris,Lanchang,Pahang
28500,Kampung Wau,Lanchang,Pahang
28500,Kuala Gandah,Lanchang,Pahang
28500,Ladang Sungai Kawang,Lanchang,Pahang
28500,Lakum,Lanchang,Pahang
28500,Lanchang,Lanchang,Pahang
28500,MRSM Lanchang,Lanchang,Pahang
28500,Taman Desa Bongsu,Lanchang,Pahang
28500,Taman Desa Jaya Permai,Lanchang,Pahang
28500,Taman Lanchang Indah,Lanchang,Pahang
28500,Taman Setia,Lanchang,Pahang
28500,Taman Tengku Ampuan Afzan,Lanchang,Pahang
28600,Felda Mempaga (1 - 3),Karak,Pahang
28600,Kampung Baru,Karak,Pahang
28600,Kampung Batu 3,Karak,Pahang
28600,Kampung Chinta Manis,Karak,Pahang
28600,Kampung Jambu Rias,Karak,Pahang
28600,Kampung Karak Setia,Karak,Pahang
28600,Kampung Keroh,Karak,Pahang
28600,Kampung Kuala Pertang,Karak,Pahang
28600,Kampung Lengkong,Karak,Pahang
28600,Kampung Paya Pelantar,Karak,Pahang
28600,Kampung Pong Soi,Karak,Pahang
28600,Kampung Tanjong,Karak,Pahang
28600,Karak,Karak,Pahang
28600,Ladang Bukit Dinding,Karak,Pahang
28600,Ladang Serai,Karak,Pahang
28600,Ladang Sungai Pertang,Karak,Pahang
28600,Mempaga Satu,Karak,Pahang
28600,Sungai Dua,Karak,Pahang
28600,Taman Berlian,Karak,Pahang
28600,Taman Bunga Raya II,Karak,Pahang
28600,Taman Bunga Raya,Karak,Pahang
28600,Taman Hijau Fasa II,Karak,Pahang
28600,Taman Hijau Murni,Karak,Pahang
28600,Taman Hijau,Karak,Pahang
28600,Taman Karak Indah,Karak,Pahang
28600,Taman Karak Jaya,Karak,Pahang
28600,Taman Karak,Karak,Pahang
28600,Taman Kenanga,Karak,Pahang
28600,Taman Makmur Jaya,Karak,Pahang
28600,Taman Makmur,Karak,Pahang
28600,Taman Perdana Raya,Karak,Pahang
28600,Taman Sentosa,Karak,Pahang
28600,Taman Seri Bayu II,Karak,Pahang
28600,Taman Sri Bayu,Karak,Pahang
28600,Taman Sri Makmur,Karak,Pahang
28600,Taman Wijaya,Karak,Pahang
28600,Tualang,Karak,Pahang
28610,Felda Kampung Sertik,Karak,Pahang
28610,Kampung Haji Kubor,Karak,Pahang
28610,Kampung Sertik,Karak,Pahang
28610,Kampung Ulu Pareh,Karak,Pahang
28610,Sertik,Karak,Pahang
28620,Kampung Batu 19 (Telemong),Karak,Pahang
28620,Kampung Gapoi,Karak,Pahang
28620,Kampung Manggin,Karak,Pahang
28620,Kampung Sungai Gapo,Karak,Pahang
28620,Karak (Batu 1 - 20),Karak,Pahang
28620,Karak (Batu 36),Karak,Pahang
28620,Ladang Bukit Melita,Karak,Pahang
28620,Ladang Hoh Yong,Karak,Pahang
28620,Ladang Kuala Pedah,Karak,Pahang
28620,Ladang Liew Weng Chee,Karak,Pahang
28620,Ladang Peng Ann,Karak,Pahang
28620,Ladang Renjok,Karak,Pahang
28620,Ladang Sabai,Karak,Pahang
28620,Ladang Sang Lee,Karak,Pahang
28620,Ladang Temelong,Karak,Pahang
28620,Ladang Thong Heng,Karak,Pahang
28620,Ladang Timah,Karak,Pahang
28620,Ladang Tuan,Karak,Pahang
28620,Orchad Height,Karak,Pahang
28620,Sungai Perdak,Karak,Pahang
28620,Taman Telemong Indah,Karak,Pahang
28620,Telemong,Karak,Pahang
28700,Bandar Hussin,Bentong,Pahang
28700,Bentong,Bentong,Pahang
28700,Benus,Bentong,Pahang
28700,Cegar Mendung,Bentong,Pahang
28700,Jalan Karak (Batu 2),Bentong,Pahang
28700,Jalan Kuala Lumpur (Batu 11),Bentong,Pahang
28700,Jalan Kuala Lumpur (Batu 4),Bentong,Pahang
28700,Jalan Tras (Batu 1 - 3),Bentong,Pahang
28700,Kampung Baharu Penjuring,Bentong,Pahang
28700,Kampung Baru Bentong,Bentong,Pahang
28700,Kampung Baru Kemansur,Bentong,Pahang
28700,Kampung Baru Ketari,Bentong,Pahang
28700,Kampung Baru,Bentong,Pahang
28700,Kampung Batu 3 (Jalan Kuala Lumpur),Bentong,Pahang
28700,Kampung Benggali,Bentong,Pahang
28700,Kampung Benus,Bentong,Pahang
28700,Kampung Bukit Piatu,Bentong,Pahang
28700,Kampung Chamang Baru,Bentong,Pahang
28700,Kampung Chamang Lama,Bentong,Pahang
28700,Kampung Chamang,Bentong,Pahang
28700,Kampung Chegar Medang,Bentong,Pahang
28700,Kampung Gementi,Bentong,Pahang
28700,Kampung Kemansor,Bentong,Pahang
28700,Kampung Ketari,Bentong,Pahang
28700,Kampung Kuala Repas,Bentong,Pahang
28700,Kampung Perting,Bentong,Pahang
28700,Kampung Repas,Bentong,Pahang
28700,Kampung Sungai Gabong,Bentong,Pahang
28700,Kampung Sungai Miak,Bentong,Pahang
28700,Kampung Ulu Perting,Bentong,Pahang
28700,Kem Bentong,Bentong,Pahang
28700,Kemansur,Bentong,Pahang
28700,Kemasul,Bentong,Pahang
28700,Ketari,Bentong,Pahang
28700,Ladang Pak Wai,Bentong,Pahang
28700,Mindef,Bentong,Pahang
28700,MRSM Bentong,Bentong,Pahang
28700,Pekan Ketari,Bentong,Pahang
28700,Perting,Bentong,Pahang
28700,Perumahan Melayu Kampung Baru,Bentong,Pahang
28700,Sungai Marong,Bentong,Pahang
28700,Sungai Penjuring,Bentong,Pahang
28700,Taman Aman,Bentong,Pahang
28700,Taman Anggerik,Bentong,Pahang
28700,Taman Bentung Ketari,Bentong,Pahang
28700,Taman Benus Jaya,Bentong,Pahang
28700,Taman Benus Permai,Bentong,Pahang
28700,Taman Bukit Bayong,Bentong,Pahang
28700,Taman Bukit Bentong,Bentong,Pahang
28700,Taman Bukit Chamang,Bentong,Pahang
28700,Taman Bukit Indah,Bentong,Pahang
28700,Taman Bukit Kuda,Bentong,Pahang
28700,Taman Bumi Cemerlang,Bentong,Pahang
28700,Taman Cempaka 2,Bentong,Pahang
28700,Taman Cempaka,Bentong,Pahang
28700,Taman Chegar Medang,Bentong,Pahang
28700,Taman Dahlia,Bentong,Pahang
28700,Taman Dato Hussin,Bentong,Pahang
28700,Taman Dato Shah Bandar,Bentong,Pahang
28700,Taman Desa Damai,Bentong,Pahang
28700,Taman Desa Ria,Bentong,Pahang
28700,Taman Gemilang,Bentong,Pahang
28700,Taman Harmoni,Bentong,Pahang
28700,Taman Ketari,Bentong,Pahang
28700,Taman Kolej Baru,Bentong,Pahang
28700,Taman Kolej,Bentong,Pahang
28700,Taman KSM,Bentong,Pahang
28700,Taman Mawar Indah,Bentong,Pahang
28700,Taman Mawar Sari,Bentong,Pahang
28700,Taman Mawar,Bentong,Pahang
28700,Taman Melati,Bentong,Pahang
28700,Taman Meranti,Bentong,Pahang
28700,Taman Mindef,Bentong,Pahang
28700,Taman Muhibbah,Bentong,Pahang
28700,Taman Okid 2,Bentong,Pahang
28700,Taman Okid,Bentong,Pahang
28700,Taman Pelangi,Bentong,Pahang
28700,Taman Saga,Bentong,Pahang
28700,Taman Seri Bentong,Bentong,Pahang
28700,Taman Seri Marong,Bentong,Pahang
28700,Taman Seri Wangi,Bentong,Pahang
28700,Taman Seroja,Bentong,Pahang
28700,Taman Shahbandar Husin,Bentong,Pahang
28700,Taman Sri Siantan,Bentong,Pahang
28700,Taman Sri Tanjong,Bentong,Pahang
28700,Taman Sungai Marong,Bentong,Pahang
28700,Taman Wangi,Bentong,Pahang
28700,Zon Perindustrian 2,Bentong,Pahang
28700,Zon Perindustrian Bentong,Bentong,Pahang
28707,Peti Surat,Bentong,Pahang
28709,Beg Berkunci,Bentong,Pahang
28730,Kampung Baru Manchis,Bentong,Pahang
28730,Kampung Ponson,Bentong,Pahang
28730,Kampung Semei,Bentong,Pahang
28730,Kampung Shefei,Bentong,Pahang
28730,Kampung Ulu Shafei,Bentong,Pahang
28730,Ladang Bentong,Bentong,Pahang
28730,Manchis,Bentong,Pahang
28740,Kampung Baharu Pelangai,Bentong,Pahang
28740,Kampung Baris,Bentong,Pahang
28740,Kampung Batu Gajah,Bentong,Pahang
28740,Kampung Hayat,Bentong,Pahang
28740,Kampung Jawi-Jawi,Bentong,Pahang
28740,Kampung Pelangai,Bentong,Pahang
28740,Lembaga Jaya,Bentong,Pahang
28750,Bukit Tinggi,Bentong,Pahang
28750,Genting Sepah,Bentong,Pahang
28750,Kampung Chemperoh,Bentong,Pahang
28750,Kampung Cheringing Tengah,Bentong,Pahang
28750,Kampung Cheringing Ulu,Bentong,Pahang
28750,Kampung Janda Baik,Bentong,Pahang
28750,Kampung Sum-Sum Hilir,Bentong,Pahang
28750,Kampung Sum-Sum,Bentong,Pahang
28750,Lentang,Bentong,Pahang
28750,Pelangai,Bentong,Pahang
28750,Selesa Hillhomes,Bentong,Pahang
28800,Kampung Lebu,Lurah Bilut,Pahang
28800,Lurah Bilut,Lurah Bilut,Pahang
28800,Simpai,Lurah Bilut,Pahang
39000,Carnation Park (Block A - E),Tanah Rata,Pahang
39000,Gunung Berinchang,Tanah Rata,Pahang
39000,Kampung Orang Asli Sungai Ruil,Tanah Rata,Pahang
39000,Kampung Raja,Tanah Rata,Pahang
39000,Kampung Teringkap,Tanah Rata,Pahang
39000,Kuala Terala,Tanah Rata,Pahang
39000,Ladang Blue Valley,Tanah Rata,Pahang
39000,Ladang Shum Yip Leong,Tanah Rata,Pahang
39000,Ladang Sungai Palas,Tanah Rata,Pahang
39000,Ladang Teh Bharat,Tanah Rata,Pahang
39000,Persiaran Camelia (1- 4 Bandar Baru),Tanah Rata,Pahang
39000,Taman Sedia,Tanah Rata,Pahang
39000,Tanah Rata (Batu 49),Tanah Rata,Pahang
39000,Tanah Rata,Tanah Rata,Pahang
39000,Tanah Tinggi Cameron,Tanah Rata,Pahang
39007,Ladang Sungai Palas,Tanah Rata,Pahang
39007,Peti Surat,Tanah Rata,Pahang
39009,Ladang The Bharat,Tanah Rata,Pahang
39009,Beg Berkunci,Tanah Rata,Pahang
39010,Kampung Raja,Tanah Rata,Pahang
39010,Kuala Terla,Tanah Rata,Pahang
39010,Ladang Blue Valley,Tanah Rata,Pahang
39010,Tanah Rata Batu 49,Tanah Rata,Pahang
39100,Arked Peladang,Brinchang,Pahang
39100,Bandar Baru Brinchang,Brinchang,Pahang
39100,Brinchang,Brinchang,Pahang
39100,Equatorial Hotel,Brinchang,Pahang
39100,Flat JKR,Brinchang,Pahang
39100,Gerai MDCH Kea Farm,Brinchang,Pahang
39100,Gerai Terminal Inn,Brinchang,Pahang
39100,Green Cow,Brinchang,Pahang
39100,Ibu Pejabat Polis Brinchang,Brinchang,Pahang
39100,Jalan Kolam Air,Brinchang,Pahang
39100,Jalan Kuari 2,Brinchang,Pahang
39100,Jalan Kuari,Brinchang,Pahang
39100,Jalan Pekan Lama,Brinchang,Pahang
39100,Jalan Sungai Palas,Brinchang,Pahang
39100,Jalan Ulu Tringkap,Brinchang,Pahang
39100,Kampung Baru Brinchang,Brinchang,Pahang
39100,Kampung Baru Teringkap,Brinchang,Pahang
39100,Kampung Melayu Teringkap,Brinchang,Pahang
39100,Kampung Tringkap,Brinchang,Pahang
39100,Kea Farm,Brinchang,Pahang
39100,Pasar Brinchang,Brinchang,Pahang
39100,Pasar Tringkap,Brinchang,Pahang
39100,Rumah-Rumah Tentera,Brinchang,Pahang
39100,S.K Brinchang,Brinchang,Pahang
39100,Sungai Burung,Brinchang,Pahang
39100,Taman Bukit Indah,Brinchang,Pahang
39100,Taman MCA Tringkap,Brinchang,Pahang
39100,Taman Teringkap Puncak,Brinchang,Pahang
39100,Teringkap,Brinchang,Pahang
39200,Bertam Valley,Ringlet,Pahang
39200,Gerai Makan Ringlet,Ringlet,Pahang
39200,Hotel Lake House,Ringlet,Pahang
39200,Jalan Bertam Valley,Ringlet,Pahang
39200,Jalan Ladang Boh,Ringlet,Pahang
39200,Jalan MDCH,Ringlet,Pahang
39200,Jalan Ulu Bertam,Ringlet,Pahang
39200,Jalan Ulu Merah,Ringlet,Pahang
39200,Jalan Ulu Ringlet,Ringlet,Pahang
39200,Kampung Baru B,Ringlet,Pahang
39200,Kampung Baru,Ringlet,Pahang
39200,Kampung Lama A,Ringlet,Pahang
39200,Kampung Lubok Tamang,Ringlet,Pahang
39200,Kampung Melayu,Ringlet,Pahang
39200,Kampung Sungai Kabuk,Ringlet,Pahang
39200,Ladang Boh,Ringlet,Pahang
39200,Ladang Ng Teong Kiat,Ringlet,Pahang
39200,Ladang Shum Yip Leong,Ringlet,Pahang
39200,Pangsapuri Aster,Ringlet,Pahang
39200,Pekan Bertam Valley SA,Ringlet,Pahang
39200,Pekan Bertam Valley SB,Ringlet,Pahang
39200,Pekan Rengit,Ringlet,Pahang
39200,Pusat Bengkel Ulu Ringlet,Ringlet,Pahang
39200,Quarters Hospital,Ringlet,Pahang
39200,Quarters JKR,Ringlet,Pahang
39200,Quarters Loji Stir Habu,Ringlet,Pahang
39200,Quarters TNB,Ringlet,Pahang
39200,Ringlet,Ringlet,Pahang
39200,Rumah Murah,Ringlet,Pahang
39200,Sungai Parang,Ringlet,Pahang
39200,Taman Bertam Mewah,Ringlet,Pahang
39200,Taman Evergreen Villa,Ringlet,Pahang
39200,Taman Ipoh Land Aquiti,Ringlet,Pahang
39200,Taman Lake View,Ringlet,Pahang
39200,Taman Malar Hijau,Ringlet,Pahang
39200,Taman MCA Lembah Bertam,Ringlet,Pahang
39200,Taman MCA,Ringlet,Pahang
39200,Taman Mewah,Ringlet,Pahang
39200,Taman Orchid Deluxe Park,Ringlet,Pahang
39200,Taman Pelangi,Ringlet,Pahang
39200,Taman Ringlet,Ringlet,Pahang
39200,Taman Sri Bertam,Ringlet,Pahang
49000,Bukit Fraser,Bukit Fraser,Pahang
49000,Jalan Widuri,Bukit Fraser,Pahang
69000,Genting Highlands,Genting Highlands,Pahang
